0|340|422|0|0|0|2000|720|1280
1|340|422|0|0|0|2000|720|1280
0|173|780|0|0|0|5000|720|1280
1|173|780|0|0|0|5000|720|1280
0|340|422|0|0|0|8000|720|1280
1|340|422|0|0|0|8000|720|1280
0|438|1122|0|0|0|10000|720|1280
1|438|1122|0|0|0|10000|720|1280
0|362|355|0|0|0|14000|720|1280
1|362|355|0|0|0|14000|720|1280
0|438|1122|0|0|0|16000|720|1280
1|438|1122|0|0|0|16000|720|1280
0|362|704|0|0|0|17000|720|1280
1|362|704|0|0|0|17000|720|1280
0|95|95|0|0|0|17000|720|1280
1|95|95|0|0|0|17000|720|1280
0|362|704|0|0|0|18000|720|1280
1|362|704|0|0|0|18000|720|1280
0|95|95|0|0|0|18000|720|1280
1|95|95|0|0|0|18000|720|1280
0|362|704|0|0|0|19000|720|1280
1|362|704|0|0|0|19000|720|1280
0|95|95|0|0|0|19000|720|1280
1|95|95|0|0|0|19000|720|1280
0|362|704|0|0|0|20000|720|1280
1|362|704|0|0|0|20000|720|1280
0|95|95|0|0|0|20000|720|1280
1|95|95|0|0|0|20000|720|1280
0|362|704|0|0|0|21000|720|1280
1|362|704|0|0|0|21000|720|1280
0|95|95|0|0|0|21000|720|1280
1|95|95|0|0|0|21000|720|1280
0|362|704|0|0|0|22000|720|1280
1|362|704|0|0|0|22000|720|1280
0|95|95|0|0|0|22000|720|1280
1|95|95|0|0|0|22000|720|1280
0|362|704|0|0|0|23000|720|1280
1|362|704|0|0|0|23000|720|1280
0|95|95|0|0|0|23000|720|1280
1|95|95|0|0|0|23000|720|1280
0|362|704|0|0|0|24000|720|1280
1|362|704|0|0|0|24000|720|1280
0|95|95|0|0|0|24000|720|1280
1|95|95|0|0|0|24000|720|1280
0|362|704|0|0|0|25000|720|1280
1|362|704|0|0|0|25000|720|1280
0|95|95|0|0|0|25000|720|1280
1|95|95|0|0|0|25000|720|1280
0|362|704|0|0|0|26000|720|1280
1|362|704|0|0|0|26000|720|1280
0|95|95|0|0|0|26000|720|1280
1|95|95|0|0|0|26000|720|1280
0|362|704|0|0|0|27000|720|1280
1|362|704|0|0|0|27000|720|1280
0|95|95|0|0|0|27000|720|1280
1|95|95|0|0|0|27000|720|1280
0|362|704|0|0|0|28000|720|1280
1|362|704|0|0|0|28000|720|1280
0|95|95|0|0|0|28000|720|1280
1|95|95|0|0|0|28000|720|1280
0|362|704|0|0|0|29000|720|1280
1|362|704|0|0|0|29000|720|1280
0|95|95|0|0|0|29000|720|1280
1|95|95|0|0|0|29000|720|1280
0|362|704|0|0|0|30000|720|1280
1|362|704|0|0|0|30000|720|1280
0|95|95|0|0|0|30000|720|1280
1|95|95|0|0|0|30000|720|1280
0|362|704|0|0|0|31000|720|1280
1|362|704|0|0|0|31000|720|1280
0|95|95|0|0|0|31000|720|1280
1|95|95|0|0|0|31000|720|1280
0|362|704|0|0|0|32000|720|1280
1|362|704|0|0|0|32000|720|1280
0|95|95|0|0|0|32000|720|1280
1|95|95|0|0|0|32000|720|1280
0|362|704|0|0|0|33000|720|1280
1|362|704|0|0|0|33000|720|1280
0|95|95|0|0|0|33000|720|1280
1|95|95|0|0|0|33000|720|1280
0|362|704|0|0|0|34000|720|1280
1|362|704|0|0|0|34000|720|1280
0|95|95|0|0|0|34000|720|1280
1|95|95|0|0|0|34000|720|1280
0|362|704|0|0|0|35000|720|1280
1|362|704|0|0|0|35000|720|1280
0|95|95|0|0|0|35000|720|1280
1|95|95|0|0|0|35000|720|1280
0|362|704|0|0|0|36000|720|1280
1|362|704|0|0|0|36000|720|1280
0|95|95|0|0|0|36000|720|1280
1|95|95|0|0|0|36000|720|1280
0|362|704|0|0|0|37000|720|1280
1|362|704|0|0|0|37000|720|1280
0|95|95|0|0|0|37000|720|1280
1|95|95|0|0|0|37000|720|1280
0|362|704|0|0|0|38000|720|1280
1|362|704|0|0|0|38000|720|1280
0|95|95|0|0|0|38000|720|1280
1|95|95|0|0|0|38000|720|1280
0|362|704|0|0|0|39000|720|1280
1|362|704|0|0|0|39000|720|1280
0|95|95|0|0|0|39000|720|1280
1|95|95|0|0|0|39000|720|1280
1|95|95|0|0|0|40000|720|1280
0|55|1244|0|0|0|41000|720|1280
1|55|1244|0|0|0|41000|720|1280
0|95|95|0|0|0|41001|720|1280
1|95|95|0|0|0|41001|720|1280
0|55|1244|0|0|0|41402|720|1280
1|55|1244|0|0|0|41402|720|1280
0|95|95|0|0|0|41403|720|1280
1|95|95|0|0|0|41403|720|1280
0|55|1244|0|0|0|41804|720|1280
1|55|1244|0|0|0|41804|720|1280
0|95|95|0|0|0|41805|720|1280
1|95|95|0|0|0|41805|720|1280
0|55|1244|0|0|0|42206|720|1280
1|55|1244|0|0|0|42206|720|1280
0|95|95|0|0|0|42207|720|1280
1|95|95|0|0|0|42207|720|1280
0|55|1244|0|0|0|42608|720|1280
1|55|1244|0|0|0|42608|720|1280
0|95|95|0|0|0|42609|720|1280
1|95|95|0|0|0|42609|720|1280
0|55|1244|0|0|0|43010|720|1280
1|55|1244|0|0|0|43010|720|1280
0|95|95|0|0|0|43011|720|1280
1|95|95|0|0|0|43011|720|1280
0|55|1244|0|0|0|43412|720|1280
1|55|1244|0|0|0|43412|720|1280
0|95|95|0|0|0|43413|720|1280
1|95|95|0|0|0|43413|720|1280
0|55|1244|0|0|0|43814|720|1280
1|55|1244|0|0|0|43814|720|1280
0|95|95|0|0|0|43815|720|1280
1|95|95|0|0|0|43815|720|1280
0|55|1244|0|0|0|44216|720|1280
1|55|1244|0|0|0|44216|720|1280
0|95|95|0|0|0|44217|720|1280
1|95|95|0|0|0|44217|720|1280
0|55|1244|0|0|0|44618|720|1280
1|55|1244|0|0|0|44618|720|1280
0|95|95|0|0|0|44619|720|1280
1|95|95|0|0|0|44619|720|1280
0|55|1244|0|0|0|45020|720|1280
1|55|1244|0|0|0|45020|720|1280
0|95|95|0|0|0|45021|720|1280
1|95|95|0|0|0|45021|720|1280
0|55|1244|0|0|0|45422|720|1280
1|55|1244|0|0|0|45422|720|1280
0|95|95|0|0|0|45423|720|1280
1|95|95|0|0|0|45423|720|1280
0|55|1244|0|0|0|45824|720|1280
1|55|1244|0|0|0|45824|720|1280
0|95|95|0|0|0|45825|720|1280
1|95|95|0|0|0|45825|720|1280
0|55|1244|0|0|0|46226|720|1280
1|55|1244|0|0|0|46226|720|1280
0|95|95|0|0|0|46227|720|1280
1|95|95|0|0|0|46227|720|1280
0|55|1244|0|0|0|46628|720|1280
1|55|1244|0|0|0|46628|720|1280
0|95|95|0|0|0|46629|720|1280
1|95|95|0|0|0|46629|720|1280
0|55|1244|0|0|0|47030|720|1280
1|55|1244|0|0|0|47030|720|1280
0|95|95|0|0|0|47031|720|1280
1|95|95|0|0|0|47031|720|1280
0|55|1244|0|0|0|47432|720|1280
1|55|1244|0|0|0|47432|720|1280
0|95|95|0|0|0|47433|720|1280
1|95|95|0|0|0|47433|720|1280
0|55|1244|0|0|0|47834|720|1280
1|55|1244|0|0|0|47834|720|1280
0|95|95|0|0|0|47835|720|1280
1|95|95|0|0|0|47835|720|1280
0|55|1244|0|0|0|48236|720|1280
1|55|1244|0|0|0|48236|720|1280
0|95|95|0|0|0|48237|720|1280
1|95|95|0|0|0|48237|720|1280
0|55|1244|0|0|0|48638|720|1280
1|55|1244|0|0|0|48638|720|1280
0|95|95|0|0|0|48639|720|1280
1|95|95|0|0|0|48639|720|1280
0|55|1244|0|0|0|49040|720|1280
1|55|1244|0|0|0|49040|720|1280
0|95|95|0|0|0|49041|720|1280
1|95|95|0|0|0|49041|720|1280
0|55|1244|0|0|0|49442|720|1280
1|55|1244|0|0|0|49442|720|1280
0|95|95|0|0|0|49443|720|1280
1|95|95|0|0|0|49443|720|1280
0|55|1244|0|0|0|49844|720|1280
1|55|1244|0|0|0|49844|720|1280
0|95|95|0|0|0|49845|720|1280
1|95|95|0|0|0|49845|720|1280
0|55|1244|0|0|0|50246|720|1280
1|55|1244|0|0|0|50246|720|1280
0|95|95|0|0|0|50247|720|1280
1|95|95|0|0|0|50247|720|1280
0|55|1244|0|0|0|50648|720|1280
1|55|1244|0|0|0|50648|720|1280
0|95|95|0|0|0|50649|720|1280
1|95|95|0|0|0|50649|720|1280
0|55|1244|0|0|0|51050|720|1280
1|55|1244|0|0|0|51050|720|1280
0|95|95|0|0|0|51051|720|1280
1|95|95|0|0|0|51051|720|1280
0|55|1244|0|0|0|51452|720|1280
1|55|1244|0|0|0|51452|720|1280
0|95|95|0|0|0|51453|720|1280
1|95|95|0|0|0|51453|720|1280
0|55|1244|0|0|0|51854|720|1280
1|55|1244|0|0|0|51854|720|1280
0|95|95|0|0|0|51855|720|1280
1|95|95|0|0|0|51855|720|1280
0|55|1244|0|0|0|52256|720|1280
1|55|1244|0|0|0|52256|720|1280
0|95|95|0|0|0|52257|720|1280
1|95|95|0|0|0|52257|720|1280
0|55|1244|0|0|0|52658|720|1280
1|55|1244|0|0|0|52658|720|1280
0|95|95|0|0|0|52659|720|1280
1|95|95|0|0|0|52659|720|1280
0|55|1244|0|0|0|53060|720|1280
1|55|1244|0|0|0|53060|720|1280
0|95|95|0|0|0|53061|720|1280
1|95|95|0|0|0|53061|720|1280
0|55|1244|0|0|0|53462|720|1280
1|55|1244|0|0|0|53462|720|1280
0|95|95|0|0|0|53463|720|1280
1|95|95|0|0|0|53463|720|1280
0|55|1244|0|0|0|53864|720|1280
1|55|1244|0|0|0|53864|720|1280
0|95|95|0|0|0|53865|720|1280
1|95|95|0|0|0|53865|720|1280
0|55|1244|0|0|0|54266|720|1280
1|55|1244|0|0|0|54266|720|1280
0|95|95|0|0|0|54267|720|1280
1|95|95|0|0|0|54267|720|1280
0|55|1244|0|0|0|54668|720|1280
1|55|1244|0|0|0|54668|720|1280
0|95|95|0|0|0|54669|720|1280
1|95|95|0|0|0|54669|720|1280
0|55|1244|0|0|0|55070|720|1280
1|55|1244|0|0|0|55070|720|1280
0|95|95|0|0|0|55071|720|1280
1|95|95|0|0|0|55071|720|1280
0|55|1244|0|0|0|55472|720|1280
1|55|1244|0|0|0|55472|720|1280
0|95|95|0|0|0|55473|720|1280
1|95|95|0|0|0|55473|720|1280
0|55|1244|0|0|0|55874|720|1280
1|55|1244|0|0|0|55874|720|1280
0|95|95|0|0|0|55875|720|1280
1|95|95|0|0|0|55875|720|1280
0|55|1244|0|0|0|56276|720|1280
1|55|1244|0|0|0|56276|720|1280
0|95|95|0|0|0|56277|720|1280
1|95|95|0|0|0|56277|720|1280
0|55|1244|0|0|0|56678|720|1280
1|55|1244|0|0|0|56678|720|1280
0|95|95|0|0|0|56679|720|1280
1|95|95|0|0|0|56679|720|1280
0|55|1244|0|0|0|57080|720|1280
1|55|1244|0|0|0|57080|720|1280
0|95|95|0|0|0|57081|720|1280
1|95|95|0|0|0|57081|720|1280
0|55|1244|0|0|0|57482|720|1280
1|55|1244|0|0|0|57482|720|1280
0|95|95|0|0|0|57483|720|1280
1|95|95|0|0|0|57483|720|1280
0|55|1244|0|0|0|57884|720|1280
1|55|1244|0|0|0|57884|720|1280
0|95|95|0|0|0|57885|720|1280
1|95|95|0|0|0|57885|720|1280
0|55|1244|0|0|0|58286|720|1280
1|55|1244|0|0|0|58286|720|1280
0|95|95|0|0|0|58287|720|1280
1|95|95|0|0|0|58287|720|1280
0|55|1244|0|0|0|58688|720|1280
1|55|1244|0|0|0|58688|720|1280
0|95|95|0|0|0|58689|720|1280
1|95|95|0|0|0|58689|720|1280
0|55|1244|0|0|0|59090|720|1280
1|55|1244|0|0|0|59090|720|1280
0|95|95|0|0|0|59091|720|1280
1|95|95|0|0|0|59091|720|1280
0|55|1244|0|0|0|59492|720|1280
1|55|1244|0|0|0|59492|720|1280
0|95|95|0|0|0|59493|720|1280
1|95|95|0|0|0|59493|720|1280
0|55|1244|0|0|0|59894|720|1280
1|55|1244|0|0|0|59894|720|1280
0|95|95|0|0|0|59895|720|1280
1|95|95|0|0|0|59895|720|1280
0|55|1244|0|0|0|60296|720|1280
1|55|1244|0|0|0|60296|720|1280
0|95|95|0|0|0|60297|720|1280
1|95|95|0|0|0|60297|720|1280
0|55|1244|0|0|0|60698|720|1280
1|55|1244|0|0|0|60698|720|1280
0|95|95|0|0|0|60699|720|1280
1|95|95|0|0|0|60699|720|1280
0|55|1244|0|0|0|61100|720|1280
1|55|1244|0|0|0|61100|720|1280
0|95|95|0|0|0|61101|720|1280
1|95|95|0|0|0|61101|720|1280
0|55|1244|0|0|0|61502|720|1280
1|55|1244|0|0|0|61502|720|1280
0|95|95|0|0|0|61503|720|1280
1|95|95|0|0|0|61503|720|1280
0|55|1244|0|0|0|61904|720|1280
1|55|1244|0|0|0|61904|720|1280
0|95|95|0|0|0|61905|720|1280
1|95|95|0|0|0|61905|720|1280
0|55|1244|0|0|0|62306|720|1280
1|55|1244|0|0|0|62306|720|1280
0|95|95|0|0|0|62307|720|1280
1|95|95|0|0|0|62307|720|1280
0|55|1244|0|0|0|62708|720|1280
1|55|1244|0|0|0|62708|720|1280
0|95|95|0|0|0|62709|720|1280
1|95|95|0|0|0|62709|720|1280
0|55|1244|0|0|0|63110|720|1280
1|55|1244|0|0|0|63110|720|1280
0|95|95|0|0|0|63111|720|1280
1|95|95|0|0|0|63111|720|1280
0|55|1244|0|0|0|63512|720|1280
1|55|1244|0|0|0|63512|720|1280
0|95|95|0|0|0|63513|720|1280
1|95|95|0|0|0|63513|720|1280
0|55|1244|0|0|0|63914|720|1280
1|55|1244|0|0|0|63914|720|1280
0|95|95|0|0|0|63915|720|1280
1|95|95|0|0|0|63915|720|1280
0|55|1244|0|0|0|64316|720|1280
1|55|1244|0|0|0|64316|720|1280
0|95|95|0|0|0|64317|720|1280
1|95|95|0|0|0|64317|720|1280
0|55|1244|0|0|0|64718|720|1280
1|55|1244|0|0|0|64718|720|1280
0|95|95|0|0|0|64719|720|1280
1|95|95|0|0|0|64719|720|1280
0|55|1244|0|0|0|65120|720|1280
1|55|1244|0|0|0|65120|720|1280
0|95|95|0|0|0|65121|720|1280
1|95|95|0|0|0|65121|720|1280
0|55|1244|0|0|0|65522|720|1280
1|55|1244|0|0|0|65522|720|1280
0|95|95|0|0|0|65523|720|1280
1|95|95|0|0|0|65523|720|1280
0|55|1244|0|0|0|65924|720|1280
1|55|1244|0|0|0|65924|720|1280
0|95|95|0|0|0|65925|720|1280
1|95|95|0|0|0|65925|720|1280
0|55|1244|0|0|0|66326|720|1280
1|55|1244|0|0|0|66326|720|1280
0|95|95|0|0|0|66327|720|1280
1|95|95|0|0|0|66327|720|1280
0|55|1244|0|0|0|66728|720|1280
1|55|1244|0|0|0|66728|720|1280
0|95|95|0|0|0|66729|720|1280
1|95|95|0|0|0|66729|720|1280
0|55|1244|0|0|0|67130|720|1280
1|55|1244|0|0|0|67130|720|1280
0|95|95|0|0|0|67131|720|1280
1|95|95|0|0|0|67131|720|1280
0|55|1244|0|0|0|67532|720|1280
1|55|1244|0|0|0|67532|720|1280
0|95|95|0|0|0|67533|720|1280
1|95|95|0|0|0|67533|720|1280
0|55|1244|0|0|0|67934|720|1280
1|55|1244|0|0|0|67934|720|1280
0|95|95|0|0|0|67935|720|1280
1|95|95|0|0|0|67935|720|1280
0|55|1244|0|0|0|68336|720|1280
1|55|1244|0|0|0|68336|720|1280
0|95|95|0|0|0|68337|720|1280
1|95|95|0|0|0|68337|720|1280
0|55|1244|0|0|0|68738|720|1280
1|55|1244|0|0|0|68738|720|1280
0|95|95|0|0|0|68739|720|1280
1|95|95|0|0|0|68739|720|1280
0|55|1244|0|0|0|69140|720|1280
1|55|1244|0|0|0|69140|720|1280
0|95|95|0|0|0|69141|720|1280
1|95|95|0|0|0|69141|720|1280
0|55|1244|0|0|0|69542|720|1280
1|55|1244|0|0|0|69542|720|1280
0|95|95|0|0|0|69543|720|1280
1|95|95|0|0|0|69543|720|1280
0|55|1244|0|0|0|69944|720|1280
1|55|1244|0|0|0|69944|720|1280
0|95|95|0|0|0|69945|720|1280
1|95|95|0|0|0|69945|720|1280
0|55|1244|0|0|0|70346|720|1280
1|55|1244|0|0|0|70346|720|1280
0|95|95|0|0|0|70347|720|1280
1|95|95|0|0|0|70347|720|1280
0|55|1244|0|0|0|70748|720|1280
1|55|1244|0|0|0|70748|720|1280
0|95|95|0|0|0|70749|720|1280
1|95|95|0|0|0|70749|720|1280
0|55|1244|0|0|0|71150|720|1280
1|55|1244|0|0|0|71150|720|1280
0|95|95|0|0|0|71151|720|1280
1|95|95|0|0|0|71151|720|1280
0|55|1244|0|0|0|71552|720|1280
1|55|1244|0|0|0|71552|720|1280
0|95|95|0|0|0|71553|720|1280
1|95|95|0|0|0|71553|720|1280
0|55|1244|0|0|0|71954|720|1280
1|55|1244|0|0|0|71954|720|1280
0|95|95|0|0|0|71955|720|1280
1|95|95|0|0|0|71955|720|1280
0|55|1244|0|0|0|72356|720|1280
1|55|1244|0|0|0|72356|720|1280
0|95|95|0|0|0|72357|720|1280
1|95|95|0|0|0|72357|720|1280
0|55|1244|0|0|0|72758|720|1280
1|55|1244|0|0|0|72758|720|1280
0|95|95|0|0|0|72759|720|1280
1|95|95|0|0|0|72759|720|1280
0|55|1244|0|0|0|73160|720|1280
1|55|1244|0|0|0|73160|720|1280
0|95|95|0|0|0|73161|720|1280
1|95|95|0|0|0|73161|720|1280
0|55|1244|0|0|0|73562|720|1280
1|55|1244|0|0|0|73562|720|1280
0|95|95|0|0|0|73563|720|1280
1|95|95|0|0|0|73563|720|1280
0|55|1244|0|0|0|73964|720|1280
1|55|1244|0|0|0|73964|720|1280
0|95|95|0|0|0|73965|720|1280
1|95|95|0|0|0|73965|720|1280
0|55|1244|0|0|0|74366|720|1280
1|55|1244|0|0|0|74366|720|1280
0|95|95|0|0|0|74367|720|1280
1|95|95|0|0|0|74367|720|1280
0|55|1244|0|0|0|74768|720|1280
1|55|1244|0|0|0|74768|720|1280
0|95|95|0|0|0|74769|720|1280
1|95|95|0|0|0|74769|720|1280
0|55|1244|0|0|0|75170|720|1280
1|55|1244|0|0|0|75170|720|1280
0|95|95|0|0|0|75171|720|1280
1|95|95|0|0|0|75171|720|1280
0|55|1244|0|0|0|75572|720|1280
1|55|1244|0|0|0|75572|720|1280
0|95|95|0|0|0|75573|720|1280
1|95|95|0|0|0|75573|720|1280
0|55|1244|0|0|0|75974|720|1280
1|55|1244|0|0|0|75974|720|1280
0|95|95|0|0|0|75975|720|1280
1|95|95|0|0|0|75975|720|1280
0|55|1244|0|0|0|76376|720|1280
1|55|1244|0|0|0|76376|720|1280
0|95|95|0|0|0|76377|720|1280
1|95|95|0|0|0|76377|720|1280
0|55|1244|0|0|0|76778|720|1280
1|55|1244|0|0|0|76778|720|1280
0|95|95|0|0|0|76779|720|1280
1|95|95|0|0|0|76779|720|1280
0|55|1244|0|0|0|77180|720|1280
1|55|1244|0|0|0|77180|720|1280
0|95|95|0|0|0|77181|720|1280
1|95|95|0|0|0|77181|720|1280
0|55|1244|0|0|0|77582|720|1280
1|55|1244|0|0|0|77582|720|1280
0|95|95|0|0|0|77583|720|1280
1|95|95|0|0|0|77583|720|1280
0|55|1244|0|0|0|77984|720|1280
1|55|1244|0|0|0|77984|720|1280
0|95|95|0|0|0|77985|720|1280
1|95|95|0|0|0|77985|720|1280
0|55|1244|0|0|0|78386|720|1280
1|55|1244|0|0|0|78386|720|1280
0|95|95|0|0|0|78387|720|1280
1|95|95|0|0|0|78387|720|1280
0|55|1244|0|0|0|78788|720|1280
1|55|1244|0|0|0|78788|720|1280
0|95|95|0|0|0|78789|720|1280
1|95|95|0|0|0|78789|720|1280
0|55|1244|0|0|0|79190|720|1280
1|55|1244|0|0|0|79190|720|1280
0|95|95|0|0|0|79191|720|1280
1|95|95|0|0|0|79191|720|1280
0|55|1244|0|0|0|79592|720|1280
1|55|1244|0|0|0|79592|720|1280
0|95|95|0|0|0|79593|720|1280
1|95|95|0|0|0|79593|720|1280
0|55|1244|0|0|0|79994|720|1280
1|55|1244|0|0|0|79994|720|1280
0|95|95|0|0|0|79995|720|1280
1|95|95|0|0|0|79995|720|1280
0|55|1244|0|0|0|80396|720|1280
1|55|1244|0|0|0|80396|720|1280
0|95|95|0|0|0|80397|720|1280
1|95|95|0|0|0|80397|720|1280
0|372|1237|0|0|0|81397|720|1280
1|372|1237|0|0|0|81397|720|1280
0|697|627|0|0|0|83397|720|1280
1|697|627|0|0|0|83397|720|1280
0|357|1252|0|0|0|85397|720|1280
1|357|1252|0|0|0|85397|720|1280
0|357|1252|0|0|0|87397|720|1280
1|357|1252|0|0|0|87397|720|1280
0|357|1252|0|0|0|89397|720|1280
1|357|1252|0|0|0|89397|720|1280
0|357|1252|0|0|0|91397|720|1280
1|357|1252|0|0|0|91397|720|1280
0|357|1252|0|0|0|91897|720|1280
1|357|1252|0|0|0|91897|720|1280
0|357|1252|0|0|0|92397|720|1280
1|357|1252|0|0|0|92397|720|1280
0|357|1252|0|0|0|92897|720|1280
1|357|1252|0|0|0|92897|720|1280
0|357|1252|0|0|0|93397|720|1280
1|357|1252|0|0|0|93397|720|1280
0|357|1252|0|0|0|93897|720|1280
1|357|1252|0|0|0|93897|720|1280
0|357|1252|0|0|0|94397|720|1280
1|357|1252|0|0|0|94397|720|1280
0|55|1244|0|0|0|95397|720|1280
1|55|1244|0|0|0|95397|720|1280
0|95|95|0|0|0|95398|720|1280
1|95|95|0|0|0|95398|720|1280
0|55|1244|0|0|0|95799|720|1280
1|55|1244|0|0|0|95799|720|1280
0|95|95|0|0|0|95800|720|1280
1|95|95|0|0|0|95800|720|1280
0|55|1244|0|0|0|96201|720|1280
1|55|1244|0|0|0|96201|720|1280
0|95|95|0|0|0|96202|720|1280
1|95|95|0|0|0|96202|720|1280
0|55|1244|0|0|0|96603|720|1280
1|55|1244|0|0|0|96603|720|1280
0|95|95|0|0|0|96604|720|1280
1|95|95|0|0|0|96604|720|1280
0|55|1244|0|0|0|97005|720|1280
1|55|1244|0|0|0|97005|720|1280
0|95|95|0|0|0|97006|720|1280
1|95|95|0|0|0|97006|720|1280
0|55|1244|0|0|0|97407|720|1280
1|55|1244|0|0|0|97407|720|1280
0|95|95|0|0|0|97408|720|1280
1|95|95|0|0|0|97408|720|1280
0|55|1244|0|0|0|97809|720|1280
1|55|1244|0|0|0|97809|720|1280
0|95|95|0|0|0|97810|720|1280
1|95|95|0|0|0|97810|720|1280
0|55|1244|0|0|0|98211|720|1280
1|55|1244|0|0|0|98211|720|1280
0|95|95|0|0|0|98212|720|1280
1|95|95|0|0|0|98212|720|1280
0|55|1244|0|0|0|98613|720|1280
1|55|1244|0|0|0|98613|720|1280
0|95|95|0|0|0|98614|720|1280
1|95|95|0|0|0|98614|720|1280
0|55|1244|0|0|0|99015|720|1280
1|55|1244|0|0|0|99015|720|1280
0|95|95|0|0|0|99016|720|1280
1|95|95|0|0|0|99016|720|1280
0|55|1244|0|0|0|99417|720|1280
1|55|1244|0|0|0|99417|720|1280
0|95|95|0|0|0|99418|720|1280
1|95|95|0|0|0|99418|720|1280
0|55|1244|0|0|0|99819|720|1280
1|55|1244|0|0|0|99819|720|1280
0|95|95|0|0|0|99820|720|1280
1|95|95|0|0|0|99820|720|1280
0|55|1244|0|0|0|100221|720|1280
1|55|1244|0|0|0|100221|720|1280
0|95|95|0|0|0|100222|720|1280
1|95|95|0|0|0|100222|720|1280
0|55|1244|0|0|0|100623|720|1280
1|55|1244|0|0|0|100623|720|1280
0|95|95|0|0|0|100624|720|1280
1|95|95|0|0|0|100624|720|1280
0|55|1244|0|0|0|101025|720|1280
1|55|1244|0|0|0|101025|720|1280
0|95|95|0|0|0|101026|720|1280
1|95|95|0|0|0|101026|720|1280
0|55|1244|0|0|0|101427|720|1280
1|55|1244|0|0|0|101427|720|1280
0|95|95|0|0|0|101428|720|1280
1|95|95|0|0|0|101428|720|1280
0|55|1244|0|0|0|101829|720|1280
1|55|1244|0|0|0|101829|720|1280
0|95|95|0|0|0|101830|720|1280
1|95|95|0|0|0|101830|720|1280
0|55|1244|0|0|0|102231|720|1280
1|55|1244|0|0|0|102231|720|1280
0|95|95|0|0|0|102232|720|1280
1|95|95|0|0|0|102232|720|1280
0|55|1244|0|0|0|102633|720|1280
1|55|1244|0|0|0|102633|720|1280
0|95|95|0|0|0|102634|720|1280
1|95|95|0|0|0|102634|720|1280
0|55|1244|0|0|0|103035|720|1280
1|55|1244|0|0|0|103035|720|1280
0|95|95|0|0|0|103036|720|1280
1|95|95|0|0|0|103036|720|1280
0|55|1244|0|0|0|103437|720|1280
1|55|1244|0|0|0|103437|720|1280
0|95|95|0|0|0|103438|720|1280
1|95|95|0|0|0|103438|720|1280
0|55|1244|0|0|0|103839|720|1280
1|55|1244|0|0|0|103839|720|1280
0|95|95|0|0|0|103840|720|1280
1|95|95|0|0|0|103840|720|1280
0|55|1244|0|0|0|104241|720|1280
1|55|1244|0|0|0|104241|720|1280
0|95|95|0|0|0|104242|720|1280
1|95|95|0|0|0|104242|720|1280
0|55|1244|0|0|0|104643|720|1280
1|55|1244|0|0|0|104643|720|1280
0|95|95|0|0|0|104644|720|1280
1|95|95|0|0|0|104644|720|1280
0|55|1244|0|0|0|105045|720|1280
1|55|1244|0|0|0|105045|720|1280
0|95|95|0|0|0|105046|720|1280
1|95|95|0|0|0|105046|720|1280
0|55|1244|0|0|0|105447|720|1280
1|55|1244|0|0|0|105447|720|1280
0|95|95|0|0|0|105448|720|1280
1|95|95|0|0|0|105448|720|1280
0|55|1244|0|0|0|105849|720|1280
1|55|1244|0|0|0|105849|720|1280
0|95|95|0|0|0|105850|720|1280
1|95|95|0|0|0|105850|720|1280
0|55|1244|0|0|0|106251|720|1280
1|55|1244|0|0|0|106251|720|1280
0|95|95|0|0|0|106252|720|1280
1|95|95|0|0|0|106252|720|1280
0|55|1244|0|0|0|106653|720|1280
1|55|1244|0|0|0|106653|720|1280
0|95|95|0|0|0|106654|720|1280
1|95|95|0|0|0|106654|720|1280
0|55|1244|0|0|0|107055|720|1280
1|55|1244|0|0|0|107055|720|1280
0|95|95|0|0|0|107056|720|1280
1|95|95|0|0|0|107056|720|1280
0|55|1244|0|0|0|107457|720|1280
1|55|1244|0|0|0|107457|720|1280
0|95|95|0|0|0|107458|720|1280
1|95|95|0|0|0|107458|720|1280
0|55|1244|0|0|0|107859|720|1280
1|55|1244|0|0|0|107859|720|1280
0|95|95|0|0|0|107860|720|1280
1|95|95|0|0|0|107860|720|1280
0|55|1244|0|0|0|108261|720|1280
1|55|1244|0|0|0|108261|720|1280
0|95|95|0|0|0|108262|720|1280
1|95|95|0|0|0|108262|720|1280
0|55|1244|0|0|0|108663|720|1280
1|55|1244|0|0|0|108663|720|1280
0|95|95|0|0|0|108664|720|1280
1|95|95|0|0|0|108664|720|1280
0|55|1244|0|0|0|109065|720|1280
1|55|1244|0|0|0|109065|720|1280
0|95|95|0|0|0|109066|720|1280
1|95|95|0|0|0|109066|720|1280
0|55|1244|0|0|0|109467|720|1280
1|55|1244|0|0|0|109467|720|1280
0|95|95|0|0|0|109468|720|1280
1|95|95|0|0|0|109468|720|1280
0|55|1244|0|0|0|109869|720|1280
1|55|1244|0|0|0|109869|720|1280
0|95|95|0|0|0|109870|720|1280
1|95|95|0|0|0|109870|720|1280
0|55|1244|0|0|0|110271|720|1280
1|55|1244|0|0|0|110271|720|1280
0|95|95|0|0|0|110272|720|1280
1|95|95|0|0|0|110272|720|1280
0|55|1244|0|0|0|110673|720|1280
1|55|1244|0|0|0|110673|720|1280
0|95|95|0|0|0|110674|720|1280
1|95|95|0|0|0|110674|720|1280
0|55|1244|0|0|0|111075|720|1280
1|55|1244|0|0|0|111075|720|1280
0|95|95|0|0|0|111076|720|1280
1|95|95|0|0|0|111076|720|1280
0|55|1244|0|0|0|111477|720|1280
1|55|1244|0|0|0|111477|720|1280
0|95|95|0|0|0|111478|720|1280
1|95|95|0|0|0|111478|720|1280
0|55|1244|0|0|0|111879|720|1280
1|55|1244|0|0|0|111879|720|1280
0|95|95|0|0|0|111880|720|1280
1|95|95|0|0|0|111880|720|1280
0|55|1244|0|0|0|112281|720|1280
1|55|1244|0|0|0|112281|720|1280
0|95|95|0|0|0|112282|720|1280
1|95|95|0|0|0|112282|720|1280
0|55|1244|0|0|0|112683|720|1280
1|55|1244|0|0|0|112683|720|1280
0|95|95|0|0|0|112684|720|1280
1|95|95|0|0|0|112684|720|1280
0|55|1244|0|0|0|113085|720|1280
1|55|1244|0|0|0|113085|720|1280
0|95|95|0|0|0|113086|720|1280
1|95|95|0|0|0|113086|720|1280
0|55|1244|0|0|0|113487|720|1280
1|55|1244|0|0|0|113487|720|1280
0|95|95|0|0|0|113488|720|1280
1|95|95|0|0|0|113488|720|1280
0|55|1244|0|0|0|113889|720|1280
1|55|1244|0|0|0|113889|720|1280
0|95|95|0|0|0|113890|720|1280
1|95|95|0|0|0|113890|720|1280
0|55|1244|0|0|0|114291|720|1280
1|55|1244|0|0|0|114291|720|1280
0|95|95|0|0|0|114292|720|1280
1|95|95|0|0|0|114292|720|1280
0|55|1244|0|0|0|114693|720|1280
1|55|1244|0|0|0|114693|720|1280
0|95|95|0|0|0|114694|720|1280
1|95|95|0|0|0|114694|720|1280
0|55|1244|0|0|0|115095|720|1280
1|55|1244|0|0|0|115095|720|1280
0|95|95|0|0|0|115096|720|1280
1|95|95|0|0|0|115096|720|1280
0|55|1244|0|0|0|115497|720|1280
1|55|1244|0|0|0|115497|720|1280
0|95|95|0|0|0|115498|720|1280
1|95|95|0|0|0|115498|720|1280
0|55|1244|0|0|0|115899|720|1280
1|55|1244|0|0|0|115899|720|1280
0|95|95|0|0|0|115900|720|1280
1|95|95|0|0|0|115900|720|1280
0|55|1244|0|0|0|116301|720|1280
1|55|1244|0|0|0|116301|720|1280
0|95|95|0|0|0|116302|720|1280
1|95|95|0|0|0|116302|720|1280
0|55|1244|0|0|0|116703|720|1280
1|55|1244|0|0|0|116703|720|1280
0|95|95|0|0|0|116704|720|1280
1|95|95|0|0|0|116704|720|1280
0|55|1244|0|0|0|117105|720|1280
1|55|1244|0|0|0|117105|720|1280
0|95|95|0|0|0|117106|720|1280
1|95|95|0|0|0|117106|720|1280
0|55|1244|0|0|0|117507|720|1280
1|55|1244|0|0|0|117507|720|1280
0|95|95|0|0|0|117508|720|1280
1|95|95|0|0|0|117508|720|1280
0|55|1244|0|0|0|117909|720|1280
1|55|1244|0|0|0|117909|720|1280
0|95|95|0|0|0|117910|720|1280
1|95|95|0|0|0|117910|720|1280
0|55|1244|0|0|0|118311|720|1280
1|55|1244|0|0|0|118311|720|1280
0|95|95|0|0|0|118312|720|1280
1|95|95|0|0|0|118312|720|1280
0|55|1244|0|0|0|118713|720|1280
1|55|1244|0|0|0|118713|720|1280
0|95|95|0|0|0|118714|720|1280
1|95|95|0|0|0|118714|720|1280
0|55|1244|0|0|0|119115|720|1280
1|55|1244|0|0|0|119115|720|1280
0|95|95|0|0|0|119116|720|1280
1|95|95|0|0|0|119116|720|1280
0|55|1244|0|0|0|119517|720|1280
1|55|1244|0|0|0|119517|720|1280
0|95|95|0|0|0|119518|720|1280
1|95|95|0|0|0|119518|720|1280
0|55|1244|0|0|0|119919|720|1280
1|55|1244|0|0|0|119919|720|1280
0|95|95|0|0|0|119920|720|1280
1|95|95|0|0|0|119920|720|1280
0|55|1244|0|0|0|120321|720|1280
1|55|1244|0|0|0|120321|720|1280
0|95|95|0|0|0|120322|720|1280
1|95|95|0|0|0|120322|720|1280
0|55|1244|0|0|0|120723|720|1280
1|55|1244|0|0|0|120723|720|1280
0|95|95|0|0|0|120724|720|1280
1|95|95|0|0|0|120724|720|1280
0|55|1244|0|0|0|121125|720|1280
1|55|1244|0|0|0|121125|720|1280
0|95|95|0|0|0|121126|720|1280
1|95|95|0|0|0|121126|720|1280
0|55|1244|0|0|0|121527|720|1280
1|55|1244|0|0|0|121527|720|1280
0|95|95|0|0|0|121528|720|1280
1|95|95|0|0|0|121528|720|1280
0|55|1244|0|0|0|121929|720|1280
1|55|1244|0|0|0|121929|720|1280
0|95|95|0|0|0|121930|720|1280
1|95|95|0|0|0|121930|720|1280
0|55|1244|0|0|0|122331|720|1280
1|55|1244|0|0|0|122331|720|1280
0|95|95|0|0|0|122332|720|1280
1|95|95|0|0|0|122332|720|1280
0|55|1244|0|0|0|122733|720|1280
1|55|1244|0|0|0|122733|720|1280
0|95|95|0|0|0|122734|720|1280
1|95|95|0|0|0|122734|720|1280
0|55|1244|0|0|0|123135|720|1280
1|55|1244|0|0|0|123135|720|1280
0|95|95|0|0|0|123136|720|1280
1|95|95|0|0|0|123136|720|1280
0|55|1244|0|0|0|123537|720|1280
1|55|1244|0|0|0|123537|720|1280
0|95|95|0|0|0|123538|720|1280
1|95|95|0|0|0|123538|720|1280
0|55|1244|0|0|0|123939|720|1280
1|55|1244|0|0|0|123939|720|1280
0|95|95|0|0|0|123940|720|1280
1|95|95|0|0|0|123940|720|1280
0|55|1244|0|0|0|124341|720|1280
1|55|1244|0|0|0|124341|720|1280
0|95|95|0|0|0|124342|720|1280
1|95|95|0|0|0|124342|720|1280
0|55|1244|0|0|0|124743|720|1280
1|55|1244|0|0|0|124743|720|1280
0|95|95|0|0|0|124744|720|1280
1|95|95|0|0|0|124744|720|1280
0|55|1244|0|0|0|125145|720|1280
1|55|1244|0|0|0|125145|720|1280
0|95|95|0|0|0|125146|720|1280
1|95|95|0|0|0|125146|720|1280
0|55|1244|0|0|0|125547|720|1280
1|55|1244|0|0|0|125547|720|1280
0|95|95|0|0|0|125548|720|1280
1|95|95|0|0|0|125548|720|1280
0|55|1244|0|0|0|125949|720|1280
1|55|1244|0|0|0|125949|720|1280
0|95|95|0|0|0|125950|720|1280
1|95|95|0|0|0|125950|720|1280
0|55|1244|0|0|0|126351|720|1280
1|55|1244|0|0|0|126351|720|1280
0|95|95|0|0|0|126352|720|1280
1|95|95|0|0|0|126352|720|1280
0|55|1244|0|0|0|126753|720|1280
1|55|1244|0|0|0|126753|720|1280
0|95|95|0|0|0|126754|720|1280
1|95|95|0|0|0|126754|720|1280
0|55|1244|0|0|0|127155|720|1280
1|55|1244|0|0|0|127155|720|1280
0|95|95|0|0|0|127156|720|1280
1|95|95|0|0|0|127156|720|1280
0|55|1244|0|0|0|127557|720|1280
1|55|1244|0|0|0|127557|720|1280
0|95|95|0|0|0|127558|720|1280
1|95|95|0|0|0|127558|720|1280
0|55|1244|0|0|0|127959|720|1280
1|55|1244|0|0|0|127959|720|1280
0|95|95|0|0|0|127960|720|1280
1|95|95|0|0|0|127960|720|1280
0|55|1244|0|0|0|128361|720|1280
1|55|1244|0|0|0|128361|720|1280
0|95|95|0|0|0|128362|720|1280
1|95|95|0|0|0|128362|720|1280
0|55|1244|0|0|0|128763|720|1280
1|55|1244|0|0|0|128763|720|1280
0|95|95|0|0|0|128764|720|1280
1|95|95|0|0|0|128764|720|1280
0|55|1244|0|0|0|129165|720|1280
1|55|1244|0|0|0|129165|720|1280
0|95|95|0|0|0|129166|720|1280
1|95|95|0|0|0|129166|720|1280
0|55|1244|0|0|0|129567|720|1280
1|55|1244|0|0|0|129567|720|1280
0|95|95|0|0|0|129568|720|1280
1|95|95|0|0|0|129568|720|1280
0|55|1244|0|0|0|129969|720|1280
1|55|1244|0|0|0|129969|720|1280
0|95|95|0|0|0|129970|720|1280
1|95|95|0|0|0|129970|720|1280
0|55|1244|0|0|0|130371|720|1280
1|55|1244|0|0|0|130371|720|1280
0|95|95|0|0|0|130372|720|1280
1|95|95|0|0|0|130372|720|1280
0|55|1244|0|0|0|130773|720|1280
1|55|1244|0|0|0|130773|720|1280
0|95|95|0|0|0|130774|720|1280
1|95|95|0|0|0|130774|720|1280
0|55|1244|0|0|0|131175|720|1280
1|55|1244|0|0|0|131175|720|1280
0|95|95|0|0|0|131176|720|1280
1|95|95|0|0|0|131176|720|1280
0|55|1244|0|0|0|131577|720|1280
1|55|1244|0|0|0|131577|720|1280
0|95|95|0|0|0|131578|720|1280
1|95|95|0|0|0|131578|720|1280
0|55|1244|0|0|0|131979|720|1280
1|55|1244|0|0|0|131979|720|1280
0|95|95|0|0|0|131980|720|1280
1|95|95|0|0|0|131980|720|1280
0|55|1244|0|0|0|132381|720|1280
1|55|1244|0|0|0|132381|720|1280
0|95|95|0|0|0|132382|720|1280
1|95|95|0|0|0|132382|720|1280
0|55|1244|0|0|0|132783|720|1280
1|55|1244|0|0|0|132783|720|1280
0|95|95|0|0|0|132784|720|1280
1|95|95|0|0|0|132784|720|1280
0|55|1244|0|0|0|133185|720|1280
1|55|1244|0|0|0|133185|720|1280
0|95|95|0|0|0|133186|720|1280
1|95|95|0|0|0|133186|720|1280
0|55|1244|0|0|0|133587|720|1280
1|55|1244|0|0|0|133587|720|1280
0|95|95|0|0|0|133588|720|1280
1|95|95|0|0|0|133588|720|1280
0|55|1244|0|0|0|133989|720|1280
1|55|1244|0|0|0|133989|720|1280
0|95|95|0|0|0|133990|720|1280
1|95|95|0|0|0|133990|720|1280
0|55|1244|0|0|0|134391|720|1280
1|55|1244|0|0|0|134391|720|1280
0|95|95|0|0|0|134392|720|1280
1|95|95|0|0|0|134392|720|1280
0|55|1244|0|0|0|134793|720|1280
1|55|1244|0|0|0|134793|720|1280
0|95|95|0|0|0|134794|720|1280
1|95|95|0|0|0|134794|720|1280
0|64|99|0|0|0|135794|720|1280
1|64|99|0|0|0|135794|720|1280
0|367|1254|0|0|0|137794|720|1280
1|367|1254|0|0|0|137794|720|1280
0|702|612|0|0|0|139794|720|1280
1|702|612|0|0|0|139794|720|1280
0|359|1234|0|0|0|141794|720|1280
1|359|1234|0|0|0|141794|720|1280
0|712|627|0|0|0|143794|720|1280
1|712|627|0|0|0|143794|720|1280
0|361|1249|0|0|0|144794|720|1280
1|361|1249|0|0|0|144794|720|1280
0|361|1249|0|0|0|145794|720|1280
1|361|1249|0|0|0|145794|720|1280
0|361|1249|0|0|0|146794|720|1280
1|361|1249|0|0|0|146794|720|1280
0|361|1249|0|0|0|147794|720|1280
1|361|1249|0|0|0|147794|720|1280
0|361|1249|0|0|0|148794|720|1280
1|361|1249|0|0|0|148794|720|1280
0|361|1249|0|0|0|149794|720|1280
1|361|1249|0|0|0|149794|720|1280
0|361|1249|0|0|0|150294|720|1280
1|361|1249|0|0|0|150294|720|1280
0|55|1244|0|0|0|151294|720|1280
1|55|1244|0|0|0|151294|720|1280
0|362|704|0|0|0|151295|720|1280
1|362|704|0|0|0|151295|720|1280
0|95|95|0|0|0|151296|720|1280
1|95|95|0|0|0|151296|720|1280
0|55|1244|0|0|0|151697|720|1280
1|55|1244|0|0|0|151697|720|1280
0|362|704|0|0|0|151698|720|1280
1|362|704|0|0|0|151698|720|1280
0|95|95|0|0|0|151699|720|1280
1|95|95|0|0|0|151699|720|1280
0|55|1244|0|0|0|152100|720|1280
1|55|1244|0|0|0|152100|720|1280
0|362|704|0|0|0|152101|720|1280
1|362|704|0|0|0|152101|720|1280
0|95|95|0|0|0|152102|720|1280
1|95|95|0|0|0|152102|720|1280
0|55|1244|0|0|0|152503|720|1280
1|55|1244|0|0|0|152503|720|1280
0|362|704|0|0|0|152504|720|1280
1|362|704|0|0|0|152504|720|1280
0|95|95|0|0|0|152505|720|1280
1|95|95|0|0|0|152505|720|1280
0|55|1244|0|0|0|152906|720|1280
1|55|1244|0|0|0|152906|720|1280
0|362|704|0|0|0|152907|720|1280
1|362|704|0|0|0|152907|720|1280
0|95|95|0|0|0|152908|720|1280
1|95|95|0|0|0|152908|720|1280
0|55|1244|0|0|0|153309|720|1280
1|55|1244|0|0|0|153309|720|1280
0|362|704|0|0|0|153310|720|1280
1|362|704|0|0|0|153310|720|1280
0|95|95|0|0|0|153311|720|1280
1|95|95|0|0|0|153311|720|1280
0|55|1244|0|0|0|153712|720|1280
1|55|1244|0|0|0|153712|720|1280
0|362|704|0|0|0|153713|720|1280
1|362|704|0|0|0|153713|720|1280
0|95|95|0|0|0|153714|720|1280
1|95|95|0|0|0|153714|720|1280
0|55|1244|0|0|0|154115|720|1280
1|55|1244|0|0|0|154115|720|1280
0|362|704|0|0|0|154116|720|1280
1|362|704|0|0|0|154116|720|1280
0|95|95|0|0|0|154117|720|1280
1|95|95|0|0|0|154117|720|1280
0|55|1244|0|0|0|154518|720|1280
1|55|1244|0|0|0|154518|720|1280
0|362|704|0|0|0|154519|720|1280
1|362|704|0|0|0|154519|720|1280
0|95|95|0|0|0|154520|720|1280
1|95|95|0|0|0|154520|720|1280
0|55|1244|0|0|0|154921|720|1280
1|55|1244|0|0|0|154921|720|1280
0|362|704|0|0|0|154922|720|1280
1|362|704|0|0|0|154922|720|1280
0|95|95|0|0|0|154923|720|1280
1|95|95|0|0|0|154923|720|1280
0|55|1244|0|0|0|155324|720|1280
1|55|1244|0|0|0|155324|720|1280
0|362|704|0|0|0|155325|720|1280
1|362|704|0|0|0|155325|720|1280
0|95|95|0|0|0|155326|720|1280
1|95|95|0|0|0|155326|720|1280
0|55|1244|0|0|0|155727|720|1280
1|55|1244|0|0|0|155727|720|1280
0|362|704|0|0|0|155728|720|1280
1|362|704|0|0|0|155728|720|1280
0|95|95|0|0|0|155729|720|1280
1|95|95|0|0|0|155729|720|1280
0|55|1244|0|0|0|156130|720|1280
1|55|1244|0|0|0|156130|720|1280
0|362|704|0|0|0|156131|720|1280
1|362|704|0|0|0|156131|720|1280
0|95|95|0|0|0|156132|720|1280
1|95|95|0|0|0|156132|720|1280
0|55|1244|0|0|0|156533|720|1280
1|55|1244|0|0|0|156533|720|1280
0|362|704|0|0|0|156534|720|1280
1|362|704|0|0|0|156534|720|1280
0|95|95|0|0|0|156535|720|1280
1|95|95|0|0|0|156535|720|1280
0|55|1244|0|0|0|156936|720|1280
1|55|1244|0|0|0|156936|720|1280
0|362|704|0|0|0|156937|720|1280
1|362|704|0|0|0|156937|720|1280
0|95|95|0|0|0|156938|720|1280
1|95|95|0|0|0|156938|720|1280
0|55|1244|0|0|0|157339|720|1280
1|55|1244|0|0|0|157339|720|1280
0|362|704|0|0|0|157340|720|1280
1|362|704|0|0|0|157340|720|1280
0|95|95|0|0|0|157341|720|1280
1|95|95|0|0|0|157341|720|1280
0|55|1244|0|0|0|157742|720|1280
1|55|1244|0|0|0|157742|720|1280
0|362|704|0|0|0|157743|720|1280
1|362|704|0|0|0|157743|720|1280
0|95|95|0|0|0|157744|720|1280
1|95|95|0|0|0|157744|720|1280
0|55|1244|0|0|0|158145|720|1280
1|55|1244|0|0|0|158145|720|1280
0|362|704|0|0|0|158146|720|1280
1|362|704|0|0|0|158146|720|1280
0|95|95|0|0|0|158147|720|1280
1|95|95|0|0|0|158147|720|1280
0|55|1244|0|0|0|158548|720|1280
1|55|1244|0|0|0|158548|720|1280
0|362|704|0|0|0|158549|720|1280
1|362|704|0|0|0|158549|720|1280
0|95|95|0|0|0|158550|720|1280
1|95|95|0|0|0|158550|720|1280
0|55|1244|0|0|0|158951|720|1280
1|55|1244|0|0|0|158951|720|1280
0|362|704|0|0|0|158952|720|1280
1|362|704|0|0|0|158952|720|1280
0|95|95|0|0|0|158953|720|1280
1|95|95|0|0|0|158953|720|1280
0|55|1244|0|0|0|159354|720|1280
1|55|1244|0|0|0|159354|720|1280
0|362|704|0|0|0|159355|720|1280
1|362|704|0|0|0|159355|720|1280
0|95|95|0|0|0|159356|720|1280
1|95|95|0|0|0|159356|720|1280
0|55|1244|0|0|0|159757|720|1280
1|55|1244|0|0|0|159757|720|1280
0|362|704|0|0|0|159758|720|1280
1|362|704|0|0|0|159758|720|1280
0|95|95|0|0|0|159759|720|1280
1|95|95|0|0|0|159759|720|1280
0|55|1244|0|0|0|160160|720|1280
1|55|1244|0|0|0|160160|720|1280
0|362|704|0|0|0|160161|720|1280
1|362|704|0|0|0|160161|720|1280
0|95|95|0|0|0|160162|720|1280
1|95|95|0|0|0|160162|720|1280
0|55|1244|0|0|0|160563|720|1280
1|55|1244|0|0|0|160563|720|1280
0|362|704|0|0|0|160564|720|1280
1|362|704|0|0|0|160564|720|1280
0|95|95|0|0|0|160565|720|1280
1|95|95|0|0|0|160565|720|1280
0|55|1244|0|0|0|160966|720|1280
1|55|1244|0|0|0|160966|720|1280
0|362|704|0|0|0|160967|720|1280
1|362|704|0|0|0|160967|720|1280
0|95|95|0|0|0|160968|720|1280
1|95|95|0|0|0|160968|720|1280
0|55|1244|0|0|0|161369|720|1280
1|55|1244|0|0|0|161369|720|1280
0|362|704|0|0|0|161370|720|1280
1|362|704|0|0|0|161370|720|1280
0|95|95|0|0|0|161371|720|1280
1|95|95|0|0|0|161371|720|1280
0|55|1244|0|0|0|161772|720|1280
1|55|1244|0|0|0|161772|720|1280
0|362|704|0|0|0|161773|720|1280
1|362|704|0|0|0|161773|720|1280
0|95|95|0|0|0|161774|720|1280
1|95|95|0|0|0|161774|720|1280
0|55|1244|0|0|0|162175|720|1280
1|55|1244|0|0|0|162175|720|1280
0|362|704|0|0|0|162176|720|1280
1|362|704|0|0|0|162176|720|1280
0|95|95|0|0|0|162177|720|1280
1|95|95|0|0|0|162177|720|1280
0|55|1244|0|0|0|162578|720|1280
1|55|1244|0|0|0|162578|720|1280
0|362|704|0|0|0|162579|720|1280
1|362|704|0|0|0|162579|720|1280
0|95|95|0|0|0|162580|720|1280
1|95|95|0|0|0|162580|720|1280
0|55|1244|0|0|0|162981|720|1280
1|55|1244|0|0|0|162981|720|1280
0|362|704|0|0|0|162982|720|1280
1|362|704|0|0|0|162982|720|1280
0|95|95|0|0|0|162983|720|1280
1|95|95|0|0|0|162983|720|1280
0|55|1244|0|0|0|163384|720|1280
1|55|1244|0|0|0|163384|720|1280
0|362|704|0|0|0|163385|720|1280
1|362|704|0|0|0|163385|720|1280
0|95|95|0|0|0|163386|720|1280
1|95|95|0|0|0|163386|720|1280
0|55|1244|0|0|0|163787|720|1280
1|55|1244|0|0|0|163787|720|1280
0|362|704|0|0|0|163788|720|1280
1|362|704|0|0|0|163788|720|1280
0|95|95|0|0|0|163789|720|1280
1|95|95|0|0|0|163789|720|1280
0|55|1244|0|0|0|164190|720|1280
1|55|1244|0|0|0|164190|720|1280
0|362|704|0|0|0|164191|720|1280
1|362|704|0|0|0|164191|720|1280
0|95|95|0|0|0|164192|720|1280
1|95|95|0|0|0|164192|720|1280
0|55|1244|0|0|0|164593|720|1280
1|55|1244|0|0|0|164593|720|1280
0|362|704|0|0|0|164594|720|1280
1|362|704|0|0|0|164594|720|1280
0|95|95|0|0|0|164595|720|1280
1|95|95|0|0|0|164595|720|1280
0|55|1244|0|0|0|164996|720|1280
1|55|1244|0|0|0|164996|720|1280
0|362|704|0|0|0|164997|720|1280
1|362|704|0|0|0|164997|720|1280
0|95|95|0|0|0|164998|720|1280
1|95|95|0|0|0|164998|720|1280
0|55|1244|0|0|0|165399|720|1280
1|55|1244|0|0|0|165399|720|1280
0|362|704|0|0|0|165400|720|1280
1|362|704|0|0|0|165400|720|1280
0|95|95|0|0|0|165401|720|1280
1|95|95|0|0|0|165401|720|1280
0|55|1244|0|0|0|165802|720|1280
1|55|1244|0|0|0|165802|720|1280
0|362|704|0|0|0|165803|720|1280
1|362|704|0|0|0|165803|720|1280
0|95|95|0|0|0|165804|720|1280
1|95|95|0|0|0|165804|720|1280
0|55|1244|0|0|0|166205|720|1280
1|55|1244|0|0|0|166205|720|1280
0|362|704|0|0|0|166206|720|1280
1|362|704|0|0|0|166206|720|1280
0|95|95|0|0|0|166207|720|1280
1|95|95|0|0|0|166207|720|1280
0|55|1244|0|0|0|166608|720|1280
1|55|1244|0|0|0|166608|720|1280
0|362|704|0|0|0|166609|720|1280
1|362|704|0|0|0|166609|720|1280
0|95|95|0|0|0|166610|720|1280
1|95|95|0|0|0|166610|720|1280
0|55|1244|0|0|0|167011|720|1280
1|55|1244|0|0|0|167011|720|1280
0|362|704|0|0|0|167012|720|1280
1|362|704|0|0|0|167012|720|1280
0|95|95|0|0|0|167013|720|1280
1|95|95|0|0|0|167013|720|1280
0|55|1244|0|0|0|167414|720|1280
1|55|1244|0|0|0|167414|720|1280
0|362|704|0|0|0|167415|720|1280
1|362|704|0|0|0|167415|720|1280
0|95|95|0|0|0|167416|720|1280
1|95|95|0|0|0|167416|720|1280
0|55|1244|0|0|0|167817|720|1280
1|55|1244|0|0|0|167817|720|1280
0|362|704|0|0|0|167818|720|1280
1|362|704|0|0|0|167818|720|1280
0|95|95|0|0|0|167819|720|1280
1|95|95|0|0|0|167819|720|1280
0|55|1244|0|0|0|168220|720|1280
1|55|1244|0|0|0|168220|720|1280
0|362|704|0|0|0|168221|720|1280
1|362|704|0|0|0|168221|720|1280
0|95|95|0|0|0|168222|720|1280
1|95|95|0|0|0|168222|720|1280
0|55|1244|0|0|0|168623|720|1280
1|55|1244|0|0|0|168623|720|1280
0|362|704|0|0|0|168624|720|1280
1|362|704|0|0|0|168624|720|1280
0|95|95|0|0|0|168625|720|1280
1|95|95|0|0|0|168625|720|1280
0|55|1244|0|0|0|169026|720|1280
1|55|1244|0|0|0|169026|720|1280
0|362|704|0|0|0|169027|720|1280
1|362|704|0|0|0|169027|720|1280
0|95|95|0|0|0|169028|720|1280
1|95|95|0|0|0|169028|720|1280
0|55|1244|0|0|0|169429|720|1280
1|55|1244|0|0|0|169429|720|1280
0|362|704|0|0|0|169430|720|1280
1|362|704|0|0|0|169430|720|1280
0|95|95|0|0|0|169431|720|1280
1|95|95|0|0|0|169431|720|1280
0|55|1244|0|0|0|169832|720|1280
1|55|1244|0|0|0|169832|720|1280
0|362|704|0|0|0|169833|720|1280
1|362|704|0|0|0|169833|720|1280
0|95|95|0|0|0|169834|720|1280
1|95|95|0|0|0|169834|720|1280
0|55|1244|0|0|0|170235|720|1280
1|55|1244|0|0|0|170235|720|1280
0|362|704|0|0|0|170236|720|1280
1|362|704|0|0|0|170236|720|1280
0|95|95|0|0|0|170237|720|1280
1|95|95|0|0|0|170237|720|1280
0|55|1244|0|0|0|170638|720|1280
1|55|1244|0|0|0|170638|720|1280
0|362|704|0|0|0|170639|720|1280
1|362|704|0|0|0|170639|720|1280
0|95|95|0|0|0|170640|720|1280
1|95|95|0|0|0|170640|720|1280
0|55|1244|0|0|0|171041|720|1280
1|55|1244|0|0|0|171041|720|1280
0|362|704|0|0|0|171042|720|1280
1|362|704|0|0|0|171042|720|1280
0|95|95|0|0|0|171043|720|1280
1|95|95|0|0|0|171043|720|1280
0|55|1244|0|0|0|171444|720|1280
1|55|1244|0|0|0|171444|720|1280
0|362|704|0|0|0|171445|720|1280
1|362|704|0|0|0|171445|720|1280
0|95|95|0|0|0|171446|720|1280
1|95|95|0|0|0|171446|720|1280
0|55|1244|0|0|0|171847|720|1280
1|55|1244|0|0|0|171847|720|1280
0|362|704|0|0|0|171848|720|1280
1|362|704|0|0|0|171848|720|1280
0|95|95|0|0|0|171849|720|1280
1|95|95|0|0|0|171849|720|1280
0|55|1244|0|0|0|172250|720|1280
1|55|1244|0|0|0|172250|720|1280
0|362|704|0|0|0|172251|720|1280
1|362|704|0|0|0|172251|720|1280
0|95|95|0|0|0|172252|720|1280
1|95|95|0|0|0|172252|720|1280
0|55|1244|0|0|0|172653|720|1280
1|55|1244|0|0|0|172653|720|1280
0|362|704|0|0|0|172654|720|1280
1|362|704|0|0|0|172654|720|1280
0|95|95|0|0|0|172655|720|1280
1|95|95|0|0|0|172655|720|1280
0|55|1244|0|0|0|173056|720|1280
1|55|1244|0|0|0|173056|720|1280
0|362|704|0|0|0|173057|720|1280
1|362|704|0|0|0|173057|720|1280
0|95|95|0|0|0|173058|720|1280
1|95|95|0|0|0|173058|720|1280
0|55|1244|0|0|0|173459|720|1280
1|55|1244|0|0|0|173459|720|1280
0|362|704|0|0|0|173460|720|1280
1|362|704|0|0|0|173460|720|1280
0|95|95|0|0|0|173461|720|1280
1|95|95|0|0|0|173461|720|1280
0|55|1244|0|0|0|173862|720|1280
1|55|1244|0|0|0|173862|720|1280
0|362|704|0|0|0|173863|720|1280
1|362|704|0|0|0|173863|720|1280
0|95|95|0|0|0|173864|720|1280
1|95|95|0|0|0|173864|720|1280
0|55|1244|0|0|0|174265|720|1280
1|55|1244|0|0|0|174265|720|1280
0|362|704|0|0|0|174266|720|1280
1|362|704|0|0|0|174266|720|1280
0|95|95|0|0|0|174267|720|1280
1|95|95|0|0|0|174267|720|1280
0|55|1244|0|0|0|174668|720|1280
1|55|1244|0|0|0|174668|720|1280
0|362|704|0|0|0|174669|720|1280
1|362|704|0|0|0|174669|720|1280
0|95|95|0|0|0|174670|720|1280
1|95|95|0|0|0|174670|720|1280
0|55|1244|0|0|0|175071|720|1280
1|55|1244|0|0|0|175071|720|1280
0|362|704|0|0|0|175072|720|1280
1|362|704|0|0|0|175072|720|1280
0|95|95|0|0|0|175073|720|1280
1|95|95|0|0|0|175073|720|1280
0|55|1244|0|0|0|175474|720|1280
1|55|1244|0|0|0|175474|720|1280
0|362|704|0|0|0|175475|720|1280
1|362|704|0|0|0|175475|720|1280
0|95|95|0|0|0|175476|720|1280
1|95|95|0|0|0|175476|720|1280
0|55|1244|0|0|0|175877|720|1280
1|55|1244|0|0|0|175877|720|1280
0|362|704|0|0|0|175878|720|1280
1|362|704|0|0|0|175878|720|1280
0|95|95|0|0|0|175879|720|1280
1|95|95|0|0|0|175879|720|1280
0|55|1244|0|0|0|176280|720|1280
1|55|1244|0|0|0|176280|720|1280
0|362|704|0|0|0|176281|720|1280
1|362|704|0|0|0|176281|720|1280
0|95|95|0|0|0|176282|720|1280
1|95|95|0|0|0|176282|720|1280
0|55|1244|0|0|0|176683|720|1280
1|55|1244|0|0|0|176683|720|1280
0|362|704|0|0|0|176684|720|1280
1|362|704|0|0|0|176684|720|1280
0|95|95|0|0|0|176685|720|1280
1|95|95|0|0|0|176685|720|1280
0|55|1244|0|0|0|177086|720|1280
1|55|1244|0|0|0|177086|720|1280
0|362|704|0|0|0|177087|720|1280
1|362|704|0|0|0|177087|720|1280
0|95|95|0|0|0|177088|720|1280
1|95|95|0|0|0|177088|720|1280
0|55|1244|0|0|0|177489|720|1280
1|55|1244|0|0|0|177489|720|1280
0|362|704|0|0|0|177490|720|1280
1|362|704|0|0|0|177490|720|1280
0|95|95|0|0|0|177491|720|1280
1|95|95|0|0|0|177491|720|1280
0|55|1244|0|0|0|177892|720|1280
1|55|1244|0|0|0|177892|720|1280
0|362|704|0|0|0|177893|720|1280
1|362|704|0|0|0|177893|720|1280
0|95|95|0|0|0|177894|720|1280
1|95|95|0|0|0|177894|720|1280
0|55|1244|0|0|0|178295|720|1280
1|55|1244|0|0|0|178295|720|1280
0|362|704|0|0|0|178296|720|1280
1|362|704|0|0|0|178296|720|1280
0|95|95|0|0|0|178297|720|1280
1|95|95|0|0|0|178297|720|1280
0|55|1244|0|0|0|178698|720|1280
1|55|1244|0|0|0|178698|720|1280
0|362|704|0|0|0|178699|720|1280
1|362|704|0|0|0|178699|720|1280
0|95|95|0|0|0|178700|720|1280
1|95|95|0|0|0|178700|720|1280
0|55|1244|0|0|0|179101|720|1280
1|55|1244|0|0|0|179101|720|1280
0|362|704|0|0|0|179102|720|1280
1|362|704|0|0|0|179102|720|1280
0|95|95|0|0|0|179103|720|1280
1|95|95|0|0|0|179103|720|1280
0|55|1244|0|0|0|179504|720|1280
1|55|1244|0|0|0|179504|720|1280
0|362|704|0|0|0|179505|720|1280
1|362|704|0|0|0|179505|720|1280
0|95|95|0|0|0|179506|720|1280
1|95|95|0|0|0|179506|720|1280
0|55|1244|0|0|0|179907|720|1280
1|55|1244|0|0|0|179907|720|1280
0|362|704|0|0|0|179908|720|1280
1|362|704|0|0|0|179908|720|1280
0|95|95|0|0|0|179909|720|1280
1|95|95|0|0|0|179909|720|1280
0|55|1244|0|0|0|180310|720|1280
1|55|1244|0|0|0|180310|720|1280
0|362|704|0|0|0|180311|720|1280
1|362|704|0|0|0|180311|720|1280
0|95|95|0|0|0|180312|720|1280
1|95|95|0|0|0|180312|720|1280
0|55|1244|0|0|0|180713|720|1280
1|55|1244|0|0|0|180713|720|1280
0|362|704|0|0|0|180714|720|1280
1|362|704|0|0|0|180714|720|1280
0|95|95|0|0|0|180715|720|1280
1|95|95|0|0|0|180715|720|1280
0|55|1244|0|0|0|181116|720|1280
1|55|1244|0|0|0|181116|720|1280
0|362|704|0|0|0|181117|720|1280
1|362|704|0|0|0|181117|720|1280
0|95|95|0|0|0|181118|720|1280
1|95|95|0|0|0|181118|720|1280
0|55|1244|0|0|0|181519|720|1280
1|55|1244|0|0|0|181519|720|1280
0|362|704|0|0|0|181520|720|1280
1|362|704|0|0|0|181520|720|1280
0|95|95|0|0|0|181521|720|1280
1|95|95|0|0|0|181521|720|1280
0|55|1244|0|0|0|181922|720|1280
1|55|1244|0|0|0|181922|720|1280
0|362|704|0|0|0|181923|720|1280
1|362|704|0|0|0|181923|720|1280
0|95|95|0|0|0|181924|720|1280
1|95|95|0|0|0|181924|720|1280
0|55|1244|0|0|0|182325|720|1280
1|55|1244|0|0|0|182325|720|1280
0|362|704|0|0|0|182326|720|1280
1|362|704|0|0|0|182326|720|1280
0|95|95|0|0|0|182327|720|1280
1|95|95|0|0|0|182327|720|1280
0|55|1244|0|0|0|182728|720|1280
1|55|1244|0|0|0|182728|720|1280
0|362|704|0|0|0|182729|720|1280
1|362|704|0|0|0|182729|720|1280
0|95|95|0|0|0|182730|720|1280
1|95|95|0|0|0|182730|720|1280
0|55|1244|0|0|0|183131|720|1280
1|55|1244|0|0|0|183131|720|1280
0|362|704|0|0|0|183132|720|1280
1|362|704|0|0|0|183132|720|1280
0|95|95|0|0|0|183133|720|1280
1|95|95|0|0|0|183133|720|1280
0|55|1244|0|0|0|183534|720|1280
1|55|1244|0|0|0|183534|720|1280
0|362|704|0|0|0|183535|720|1280
1|362|704|0|0|0|183535|720|1280
0|95|95|0|0|0|183536|720|1280
1|95|95|0|0|0|183536|720|1280
0|55|1244|0|0|0|183937|720|1280
1|55|1244|0|0|0|183937|720|1280
0|362|704|0|0|0|183938|720|1280
1|362|704|0|0|0|183938|720|1280
0|95|95|0|0|0|183939|720|1280
1|95|95|0|0|0|183939|720|1280
0|55|1244|0|0|0|184340|720|1280
1|55|1244|0|0|0|184340|720|1280
0|362|704|0|0|0|184341|720|1280
1|362|704|0|0|0|184341|720|1280
0|95|95|0|0|0|184342|720|1280
1|95|95|0|0|0|184342|720|1280
0|55|1244|0|0|0|184743|720|1280
1|55|1244|0|0|0|184743|720|1280
0|362|704|0|0|0|184744|720|1280
1|362|704|0|0|0|184744|720|1280
0|95|95|0|0|0|184745|720|1280
1|95|95|0|0|0|184745|720|1280
0|55|1244|0|0|0|185146|720|1280
1|55|1244|0|0|0|185146|720|1280
0|362|704|0|0|0|185147|720|1280
1|362|704|0|0|0|185147|720|1280
0|95|95|0|0|0|185148|720|1280
1|95|95|0|0|0|185148|720|1280
0|55|1244|0|0|0|185549|720|1280
1|55|1244|0|0|0|185549|720|1280
0|362|704|0|0|0|185550|720|1280
1|362|704|0|0|0|185550|720|1280
0|95|95|0|0|0|185551|720|1280
1|95|95|0|0|0|185551|720|1280
0|55|1244|0|0|0|185952|720|1280
1|55|1244|0|0|0|185952|720|1280
0|362|704|0|0|0|185953|720|1280
1|362|704|0|0|0|185953|720|1280
0|95|95|0|0|0|185954|720|1280
1|95|95|0|0|0|185954|720|1280
0|55|1244|0|0|0|186355|720|1280
1|55|1244|0|0|0|186355|720|1280
0|362|704|0|0|0|186356|720|1280
1|362|704|0|0|0|186356|720|1280
0|95|95|0|0|0|186357|720|1280
1|95|95|0|0|0|186357|720|1280
0|55|1244|0|0|0|186758|720|1280
1|55|1244|0|0|0|186758|720|1280
0|362|704|0|0|0|186759|720|1280
1|362|704|0|0|0|186759|720|1280
0|95|95|0|0|0|186760|720|1280
1|95|95|0|0|0|186760|720|1280
0|55|1244|0|0|0|187161|720|1280
1|55|1244|0|0|0|187161|720|1280
0|362|704|0|0|0|187162|720|1280
1|362|704|0|0|0|187162|720|1280
0|95|95|0|0|0|187163|720|1280
1|95|95|0|0|0|187163|720|1280
0|55|1244|0|0|0|187564|720|1280
1|55|1244|0|0|0|187564|720|1280
0|362|704|0|0|0|187565|720|1280
1|362|704|0|0|0|187565|720|1280
0|95|95|0|0|0|187566|720|1280
1|95|95|0|0|0|187566|720|1280
0|55|1244|0|0|0|187967|720|1280
1|55|1244|0|0|0|187967|720|1280
0|362|704|0|0|0|187968|720|1280
1|362|704|0|0|0|187968|720|1280
0|95|95|0|0|0|187969|720|1280
1|95|95|0|0|0|187969|720|1280
0|55|1244|0|0|0|188370|720|1280
1|55|1244|0|0|0|188370|720|1280
0|362|704|0|0|0|188371|720|1280
1|362|704|0|0|0|188371|720|1280
0|95|95|0|0|0|188372|720|1280
1|95|95|0|0|0|188372|720|1280
0|55|1244|0|0|0|188773|720|1280
1|55|1244|0|0|0|188773|720|1280
0|362|704|0|0|0|188774|720|1280
1|362|704|0|0|0|188774|720|1280
0|95|95|0|0|0|188775|720|1280
1|95|95|0|0|0|188775|720|1280
0|55|1244|0|0|0|189176|720|1280
1|55|1244|0|0|0|189176|720|1280
0|362|704|0|0|0|189177|720|1280
1|362|704|0|0|0|189177|720|1280
0|95|95|0|0|0|189178|720|1280
1|95|95|0|0|0|189178|720|1280
0|55|1244|0|0|0|189579|720|1280
1|55|1244|0|0|0|189579|720|1280
0|362|704|0|0|0|189580|720|1280
1|362|704|0|0|0|189580|720|1280
0|95|95|0|0|0|189581|720|1280
1|95|95|0|0|0|189581|720|1280
0|55|1244|0|0|0|189982|720|1280
1|55|1244|0|0|0|189982|720|1280
0|362|704|0|0|0|189983|720|1280
1|362|704|0|0|0|189983|720|1280
0|95|95|0|0|0|189984|720|1280
1|95|95|0|0|0|189984|720|1280
0|55|1244|0|0|0|190385|720|1280
1|55|1244|0|0|0|190385|720|1280
0|362|704|0|0|0|190386|720|1280
1|362|704|0|0|0|190386|720|1280
0|95|95|0|0|0|190387|720|1280
1|95|95|0|0|0|190387|720|1280
0|55|1244|0|0|0|190788|720|1280
1|55|1244|0|0|0|190788|720|1280
0|362|704|0|0|0|190789|720|1280
1|362|704|0|0|0|190789|720|1280
0|95|95|0|0|0|190790|720|1280
1|95|95|0|0|0|190790|720|1280
0|55|1244|0|0|0|191191|720|1280
1|55|1244|0|0|0|191191|720|1280
0|362|704|0|0|0|191192|720|1280
1|362|704|0|0|0|191192|720|1280
0|95|95|0|0|0|191193|720|1280
1|95|95|0|0|0|191193|720|1280
0|55|1244|0|0|0|191594|720|1280
1|55|1244|0|0|0|191594|720|1280
0|362|704|0|0|0|191595|720|1280
1|362|704|0|0|0|191595|720|1280
0|95|95|0|0|0|191596|720|1280
1|95|95|0|0|0|191596|720|1280
0|55|1244|0|0|0|191997|720|1280
1|55|1244|0|0|0|191997|720|1280
0|362|704|0|0|0|191998|720|1280
1|362|704|0|0|0|191998|720|1280
0|95|95|0|0|0|191999|720|1280
1|95|95|0|0|0|191999|720|1280
0|55|1244|0|0|0|192400|720|1280
1|55|1244|0|0|0|192400|720|1280
0|362|704|0|0|0|192401|720|1280
1|362|704|0|0|0|192401|720|1280
0|95|95|0|0|0|192402|720|1280
1|95|95|0|0|0|192402|720|1280
0|55|1244|0|0|0|192803|720|1280
1|55|1244|0|0|0|192803|720|1280
0|362|704|0|0|0|192804|720|1280
1|362|704|0|0|0|192804|720|1280
0|95|95|0|0|0|192805|720|1280
1|95|95|0|0|0|192805|720|1280
0|55|1244|0|0|0|193206|720|1280
1|55|1244|0|0|0|193206|720|1280
0|362|704|0|0|0|193207|720|1280
1|362|704|0|0|0|193207|720|1280
0|95|95|0|0|0|193208|720|1280
1|95|95|0|0|0|193208|720|1280
0|55|1244|0|0|0|193609|720|1280
1|55|1244|0|0|0|193609|720|1280
0|362|704|0|0|0|193610|720|1280
1|362|704|0|0|0|193610|720|1280
0|95|95|0|0|0|193611|720|1280
1|95|95|0|0|0|193611|720|1280
0|55|1244|0|0|0|194012|720|1280
1|55|1244|0|0|0|194012|720|1280
0|362|704|0|0|0|194013|720|1280
1|362|704|0|0|0|194013|720|1280
0|95|95|0|0|0|194014|720|1280
1|95|95|0|0|0|194014|720|1280
0|55|1244|0|0|0|194415|720|1280
1|55|1244|0|0|0|194415|720|1280
0|362|704|0|0|0|194416|720|1280
1|362|704|0|0|0|194416|720|1280
0|95|95|0|0|0|194417|720|1280
1|95|95|0|0|0|194417|720|1280
0|55|1244|0|0|0|194818|720|1280
1|55|1244|0|0|0|194818|720|1280
0|362|704|0|0|0|194819|720|1280
1|362|704|0|0|0|194819|720|1280
0|95|95|0|0|0|194820|720|1280
1|95|95|0|0|0|194820|720|1280
0|55|1244|0|0|0|195221|720|1280
1|55|1244|0|0|0|195221|720|1280
0|362|704|0|0|0|195222|720|1280
1|362|704|0|0|0|195222|720|1280
0|95|95|0|0|0|195223|720|1280
1|95|95|0|0|0|195223|720|1280
0|55|1244|0|0|0|195624|720|1280
1|55|1244|0|0|0|195624|720|1280
0|362|704|0|0|0|195625|720|1280
1|362|704|0|0|0|195625|720|1280
0|95|95|0|0|0|195626|720|1280
1|95|95|0|0|0|195626|720|1280
0|55|1244|0|0|0|196027|720|1280
1|55|1244|0|0|0|196027|720|1280
0|362|704|0|0|0|196028|720|1280
1|362|704|0|0|0|196028|720|1280
0|95|95|0|0|0|196029|720|1280
1|95|95|0|0|0|196029|720|1280
0|55|1244|0|0|0|196430|720|1280
1|55|1244|0|0|0|196430|720|1280
0|362|704|0|0|0|196431|720|1280
1|362|704|0|0|0|196431|720|1280
0|95|95|0|0|0|196432|720|1280
1|95|95|0|0|0|196432|720|1280
0|55|1244|0|0|0|196833|720|1280
1|55|1244|0|0|0|196833|720|1280
0|362|704|0|0|0|196834|720|1280
1|362|704|0|0|0|196834|720|1280
0|95|95|0|0|0|196835|720|1280
1|95|95|0|0|0|196835|720|1280
0|55|1244|0|0|0|197236|720|1280
1|55|1244|0|0|0|197236|720|1280
0|362|704|0|0|0|197237|720|1280
1|362|704|0|0|0|197237|720|1280
0|95|95|0|0|0|197238|720|1280
1|95|95|0|0|0|197238|720|1280
0|55|1244|0|0|0|197639|720|1280
1|55|1244|0|0|0|197639|720|1280
0|362|704|0|0|0|197640|720|1280
1|362|704|0|0|0|197640|720|1280
0|95|95|0|0|0|197641|720|1280
1|95|95|0|0|0|197641|720|1280
0|55|1244|0|0|0|198042|720|1280
1|55|1244|0|0|0|198042|720|1280
0|362|704|0|0|0|198043|720|1280
1|362|704|0|0|0|198043|720|1280
0|95|95|0|0|0|198044|720|1280
1|95|95|0|0|0|198044|720|1280
0|55|1244|0|0|0|198445|720|1280
1|55|1244|0|0|0|198445|720|1280
0|362|704|0|0|0|198446|720|1280
1|362|704|0|0|0|198446|720|1280
0|95|95|0|0|0|198447|720|1280
1|95|95|0|0|0|198447|720|1280
0|55|1244|0|0|0|198848|720|1280
1|55|1244|0|0|0|198848|720|1280
0|362|704|0|0|0|198849|720|1280
1|362|704|0|0|0|198849|720|1280
0|95|95|0|0|0|198850|720|1280
1|95|95|0|0|0|198850|720|1280
0|55|1244|0|0|0|199251|720|1280
1|55|1244|0|0|0|199251|720|1280
0|362|704|0|0|0|199252|720|1280
1|362|704|0|0|0|199252|720|1280
0|95|95|0|0|0|199253|720|1280
1|95|95|0|0|0|199253|720|1280
0|55|1244|0|0|0|199654|720|1280
1|55|1244|0|0|0|199654|720|1280
0|362|704|0|0|0|199655|720|1280
1|362|704|0|0|0|199655|720|1280
0|95|95|0|0|0|199656|720|1280
1|95|95|0|0|0|199656|720|1280
0|55|1244|0|0|0|200057|720|1280
1|55|1244|0|0|0|200057|720|1280
0|362|704|0|0|0|200058|720|1280
1|362|704|0|0|0|200058|720|1280
0|95|95|0|0|0|200059|720|1280
1|95|95|0|0|0|200059|720|1280
0|55|1244|0|0|0|200460|720|1280
1|55|1244|0|0|0|200460|720|1280
0|362|704|0|0|0|200461|720|1280
1|362|704|0|0|0|200461|720|1280
0|95|95|0|0|0|200462|720|1280
1|95|95|0|0|0|200462|720|1280
0|55|1244|0|0|0|200863|720|1280
1|55|1244|0|0|0|200863|720|1280
0|362|704|0|0|0|200864|720|1280
1|362|704|0|0|0|200864|720|1280
0|95|95|0|0|0|200865|720|1280
1|95|95|0|0|0|200865|720|1280
0|55|1244|0|0|0|201266|720|1280
1|55|1244|0|0|0|201266|720|1280
0|362|704|0|0|0|201267|720|1280
1|362|704|0|0|0|201267|720|1280
0|95|95|0|0|0|201268|720|1280
1|95|95|0|0|0|201268|720|1280
0|55|1244|0|0|0|201669|720|1280
1|55|1244|0|0|0|201669|720|1280
0|362|704|0|0|0|201670|720|1280
1|362|704|0|0|0|201670|720|1280
0|95|95|0|0|0|201671|720|1280
1|95|95|0|0|0|201671|720|1280
0|55|1244|0|0|0|202072|720|1280
1|55|1244|0|0|0|202072|720|1280
0|362|704|0|0|0|202073|720|1280
1|362|704|0|0|0|202073|720|1280
0|95|95|0|0|0|202074|720|1280
1|95|95|0|0|0|202074|720|1280
0|55|1244|0|0|0|202475|720|1280
1|55|1244|0|0|0|202475|720|1280
0|362|704|0|0|0|202476|720|1280
1|362|704|0|0|0|202476|720|1280
0|95|95|0|0|0|202477|720|1280
1|95|95|0|0|0|202477|720|1280
0|55|1244|0|0|0|202878|720|1280
1|55|1244|0|0|0|202878|720|1280
0|362|704|0|0|0|202879|720|1280
1|362|704|0|0|0|202879|720|1280
0|95|95|0|0|0|202880|720|1280
1|95|95|0|0|0|202880|720|1280
0|55|1244|0|0|0|203281|720|1280
1|55|1244|0|0|0|203281|720|1280
0|362|704|0|0|0|203282|720|1280
1|362|704|0|0|0|203282|720|1280
0|95|95|0|0|0|203283|720|1280
1|95|95|0|0|0|203283|720|1280
0|55|1244|0|0|0|203684|720|1280
1|55|1244|0|0|0|203684|720|1280
0|362|704|0|0|0|203685|720|1280
1|362|704|0|0|0|203685|720|1280
0|95|95|0|0|0|203686|720|1280
1|95|95|0|0|0|203686|720|1280
0|55|1244|0|0|0|204087|720|1280
1|55|1244|0|0|0|204087|720|1280
0|362|704|0|0|0|204088|720|1280
1|362|704|0|0|0|204088|720|1280
0|95|95|0|0|0|204089|720|1280
1|95|95|0|0|0|204089|720|1280
0|55|1244|0|0|0|204490|720|1280
1|55|1244|0|0|0|204490|720|1280
0|362|704|0|0|0|204491|720|1280
1|362|704|0|0|0|204491|720|1280
0|95|95|0|0|0|204492|720|1280
1|95|95|0|0|0|204492|720|1280
0|55|1244|0|0|0|204893|720|1280
1|55|1244|0|0|0|204893|720|1280
0|362|704|0|0|0|204894|720|1280
1|362|704|0|0|0|204894|720|1280
0|95|95|0|0|0|204895|720|1280
1|95|95|0|0|0|204895|720|1280
0|55|1244|0|0|0|205296|720|1280
1|55|1244|0|0|0|205296|720|1280
0|362|704|0|0|0|205297|720|1280
1|362|704|0|0|0|205297|720|1280
0|95|95|0|0|0|205298|720|1280
1|95|95|0|0|0|205298|720|1280
0|55|1244|0|0|0|205699|720|1280
1|55|1244|0|0|0|205699|720|1280
0|362|704|0|0|0|205700|720|1280
1|362|704|0|0|0|205700|720|1280
0|95|95|0|0|0|205701|720|1280
1|95|95|0|0|0|205701|720|1280
0|55|1244|0|0|0|206102|720|1280
1|55|1244|0|0|0|206102|720|1280
0|362|704|0|0|0|206103|720|1280
1|362|704|0|0|0|206103|720|1280
0|95|95|0|0|0|206104|720|1280
1|95|95|0|0|0|206104|720|1280
0|55|1244|0|0|0|206505|720|1280
1|55|1244|0|0|0|206505|720|1280
0|362|704|0|0|0|206506|720|1280
1|362|704|0|0|0|206506|720|1280
0|95|95|0|0|0|206507|720|1280
1|95|95|0|0|0|206507|720|1280
0|55|1244|0|0|0|206908|720|1280
1|55|1244|0|0|0|206908|720|1280
0|362|704|0|0|0|206909|720|1280
1|362|704|0|0|0|206909|720|1280
0|95|95|0|0|0|206910|720|1280
1|95|95|0|0|0|206910|720|1280
0|55|1244|0|0|0|207311|720|1280
1|55|1244|0|0|0|207311|720|1280
0|362|704|0|0|0|207312|720|1280
1|362|704|0|0|0|207312|720|1280
0|95|95|0|0|0|207313|720|1280
1|95|95|0|0|0|207313|720|1280
0|55|1244|0|0|0|207714|720|1280
1|55|1244|0|0|0|207714|720|1280
0|362|704|0|0|0|207715|720|1280
1|362|704|0|0|0|207715|720|1280
0|95|95|0|0|0|207716|720|1280
1|95|95|0|0|0|207716|720|1280
0|55|1244|0|0|0|208117|720|1280
1|55|1244|0|0|0|208117|720|1280
0|362|704|0|0|0|208118|720|1280
1|362|704|0|0|0|208118|720|1280
0|95|95|0|0|0|208119|720|1280
1|95|95|0|0|0|208119|720|1280
0|55|1244|0|0|0|208520|720|1280
1|55|1244|0|0|0|208520|720|1280
0|362|704|0|0|0|208521|720|1280
1|362|704|0|0|0|208521|720|1280
0|95|95|0|0|0|208522|720|1280
1|95|95|0|0|0|208522|720|1280
0|55|1244|0|0|0|208923|720|1280
1|55|1244|0|0|0|208923|720|1280
0|362|704|0|0|0|208924|720|1280
1|362|704|0|0|0|208924|720|1280
0|95|95|0|0|0|208925|720|1280
1|95|95|0|0|0|208925|720|1280
0|55|1244|0|0|0|209326|720|1280
1|55|1244|0|0|0|209326|720|1280
0|362|704|0|0|0|209327|720|1280
1|362|704|0|0|0|209327|720|1280
0|95|95|0|0|0|209328|720|1280
1|95|95|0|0|0|209328|720|1280
0|55|1244|0|0|0|209729|720|1280
1|55|1244|0|0|0|209729|720|1280
0|362|704|0|0|0|209730|720|1280
1|362|704|0|0|0|209730|720|1280
0|95|95|0|0|0|209731|720|1280
1|95|95|0|0|0|209731|720|1280
0|55|1244|0|0|0|210132|720|1280
1|55|1244|0|0|0|210132|720|1280
0|362|704|0|0|0|210133|720|1280
1|362|704|0|0|0|210133|720|1280
0|95|95|0|0|0|210134|720|1280
1|95|95|0|0|0|210134|720|1280
0|55|1244|0|0|0|210535|720|1280
1|55|1244|0|0|0|210535|720|1280
0|362|704|0|0|0|210536|720|1280
1|362|704|0|0|0|210536|720|1280
0|95|95|0|0|0|210537|720|1280
1|95|95|0|0|0|210537|720|1280
0|55|1244|0|0|0|210938|720|1280
1|55|1244|0|0|0|210938|720|1280
0|362|704|0|0|0|210939|720|1280
1|362|704|0|0|0|210939|720|1280
0|95|95|0|0|0|210940|720|1280
1|95|95|0|0|0|210940|720|1280
0|55|1244|0|0|0|211341|720|1280
1|55|1244|0|0|0|211341|720|1280
0|362|704|0|0|0|211342|720|1280
1|362|704|0|0|0|211342|720|1280
0|95|95|0|0|0|211343|720|1280
1|95|95|0|0|0|211343|720|1280
0|55|1244|0|0|0|211744|720|1280
1|55|1244|0|0|0|211744|720|1280
0|362|704|0|0|0|211745|720|1280
1|362|704|0|0|0|211745|720|1280
0|95|95|0|0|0|211746|720|1280
1|95|95|0|0|0|211746|720|1280
0|55|1244|0|0|0|212147|720|1280
1|55|1244|0|0|0|212147|720|1280
0|362|704|0|0|0|212148|720|1280
1|362|704|0|0|0|212148|720|1280
0|95|95|0|0|0|212149|720|1280
1|95|95|0|0|0|212149|720|1280
0|55|1244|0|0|0|212550|720|1280
1|55|1244|0|0|0|212550|720|1280
0|362|704|0|0|0|212551|720|1280
1|362|704|0|0|0|212551|720|1280
0|95|95|0|0|0|212552|720|1280
1|95|95|0|0|0|212552|720|1280
0|55|1244|0|0|0|212953|720|1280
1|55|1244|0|0|0|212953|720|1280
0|362|704|0|0|0|212954|720|1280
1|362|704|0|0|0|212954|720|1280
0|95|95|0|0|0|212955|720|1280
1|95|95|0|0|0|212955|720|1280
0|55|1244|0|0|0|213356|720|1280
1|55|1244|0|0|0|213356|720|1280
0|362|704|0|0|0|213357|720|1280
1|362|704|0|0|0|213357|720|1280
0|95|95|0|0|0|213358|720|1280
1|95|95|0|0|0|213358|720|1280
0|55|1244|0|0|0|213759|720|1280
1|55|1244|0|0|0|213759|720|1280
0|362|704|0|0|0|213760|720|1280
1|362|704|0|0|0|213760|720|1280
0|95|95|0|0|0|213761|720|1280
1|95|95|0|0|0|213761|720|1280
0|55|1244|0|0|0|214162|720|1280
1|55|1244|0|0|0|214162|720|1280
0|362|704|0|0|0|214163|720|1280
1|362|704|0|0|0|214163|720|1280
0|95|95|0|0|0|214164|720|1280
1|95|95|0|0|0|214164|720|1280
0|55|1244|0|0|0|214565|720|1280
1|55|1244|0|0|0|214565|720|1280
0|362|704|0|0|0|214566|720|1280
1|362|704|0|0|0|214566|720|1280
0|95|95|0|0|0|214567|720|1280
1|95|95|0|0|0|214567|720|1280
0|55|1244|0|0|0|214968|720|1280
1|55|1244|0|0|0|214968|720|1280
0|362|704|0|0|0|214969|720|1280
1|362|704|0|0|0|214969|720|1280
0|95|95|0|0|0|214970|720|1280
1|95|95|0|0|0|214970|720|1280
0|55|1244|0|0|0|215371|720|1280
1|55|1244|0|0|0|215371|720|1280
0|362|704|0|0|0|215372|720|1280
1|362|704|0|0|0|215372|720|1280
0|95|95|0|0|0|215373|720|1280
1|95|95|0|0|0|215373|720|1280
0|55|1244|0|0|0|215774|720|1280
1|55|1244|0|0|0|215774|720|1280
0|362|704|0|0|0|215775|720|1280
1|362|704|0|0|0|215775|720|1280
0|95|95|0|0|0|215776|720|1280
1|95|95|0|0|0|215776|720|1280
0|55|1244|0|0|0|216177|720|1280
1|55|1244|0|0|0|216177|720|1280
0|362|704|0|0|0|216178|720|1280
1|362|704|0|0|0|216178|720|1280
0|95|95|0|0|0|216179|720|1280
1|95|95|0|0|0|216179|720|1280
0|55|1244|0|0|0|216580|720|1280
1|55|1244|0|0|0|216580|720|1280
0|362|704|0|0|0|216581|720|1280
1|362|704|0|0|0|216581|720|1280
0|95|95|0|0|0|216582|720|1280
1|95|95|0|0|0|216582|720|1280
0|55|1244|0|0|0|216983|720|1280
1|55|1244|0|0|0|216983|720|1280
0|362|704|0|0|0|216984|720|1280
1|362|704|0|0|0|216984|720|1280
0|95|95|0|0|0|216985|720|1280
1|95|95|0|0|0|216985|720|1280
0|55|1244|0|0|0|217386|720|1280
1|55|1244|0|0|0|217386|720|1280
0|362|704|0|0|0|217387|720|1280
1|362|704|0|0|0|217387|720|1280
0|95|95|0|0|0|217388|720|1280
1|95|95|0|0|0|217388|720|1280
0|55|1244|0|0|0|217789|720|1280
1|55|1244|0|0|0|217789|720|1280
0|362|704|0|0|0|217790|720|1280
1|362|704|0|0|0|217790|720|1280
0|95|95|0|0|0|217791|720|1280
1|95|95|0|0|0|217791|720|1280
0|55|1244|0|0|0|218192|720|1280
1|55|1244|0|0|0|218192|720|1280
0|362|704|0|0|0|218193|720|1280
1|362|704|0|0|0|218193|720|1280
0|95|95|0|0|0|218194|720|1280
1|95|95|0|0|0|218194|720|1280
0|55|1244|0|0|0|218595|720|1280
1|55|1244|0|0|0|218595|720|1280
0|362|704|0|0|0|218596|720|1280
1|362|704|0|0|0|218596|720|1280
0|95|95|0|0|0|218597|720|1280
1|95|95|0|0|0|218597|720|1280
0|55|1244|0|0|0|218998|720|1280
1|55|1244|0|0|0|218998|720|1280
0|362|704|0|0|0|218999|720|1280
1|362|704|0|0|0|218999|720|1280
0|95|95|0|0|0|219000|720|1280
1|95|95|0|0|0|219000|720|1280
0|55|1244|0|0|0|219401|720|1280
1|55|1244|0|0|0|219401|720|1280
0|362|704|0|0|0|219402|720|1280
1|362|704|0|0|0|219402|720|1280
0|95|95|0|0|0|219403|720|1280
1|95|95|0|0|0|219403|720|1280
0|55|1244|0|0|0|219804|720|1280
1|55|1244|0|0|0|219804|720|1280
0|362|704|0|0|0|219805|720|1280
1|362|704|0|0|0|219805|720|1280
0|95|95|0|0|0|219806|720|1280
1|95|95|0|0|0|219806|720|1280
0|55|1244|0|0|0|220207|720|1280
1|55|1244|0|0|0|220207|720|1280
0|362|704|0|0|0|220208|720|1280
1|362|704|0|0|0|220208|720|1280
0|95|95|0|0|0|220209|720|1280
1|95|95|0|0|0|220209|720|1280
0|55|1244|0|0|0|220610|720|1280
1|55|1244|0|0|0|220610|720|1280
0|362|704|0|0|0|220611|720|1280
1|362|704|0|0|0|220611|720|1280
0|95|95|0|0|0|220612|720|1280
1|95|95|0|0|0|220612|720|1280
0|55|1244|0|0|0|221013|720|1280
1|55|1244|0|0|0|221013|720|1280
0|362|704|0|0|0|221014|720|1280
1|362|704|0|0|0|221014|720|1280
0|95|95|0|0|0|221015|720|1280
1|95|95|0|0|0|221015|720|1280
0|55|1244|0|0|0|221416|720|1280
1|55|1244|0|0|0|221416|720|1280
0|362|704|0|0|0|221417|720|1280
1|362|704|0|0|0|221417|720|1280
0|95|95|0|0|0|221418|720|1280
1|95|95|0|0|0|221418|720|1280
0|55|1244|0|0|0|221819|720|1280
1|55|1244|0|0|0|221819|720|1280
0|362|704|0|0|0|221820|720|1280
1|362|704|0|0|0|221820|720|1280
0|95|95|0|0|0|221821|720|1280
1|95|95|0|0|0|221821|720|1280
0|55|1244|0|0|0|222222|720|1280
1|55|1244|0|0|0|222222|720|1280
0|362|704|0|0|0|222223|720|1280
1|362|704|0|0|0|222223|720|1280
0|95|95|0|0|0|222224|720|1280
1|95|95|0|0|0|222224|720|1280
0|55|1244|0|0|0|222625|720|1280
1|55|1244|0|0|0|222625|720|1280
0|362|704|0|0|0|222626|720|1280
1|362|704|0|0|0|222626|720|1280
0|95|95|0|0|0|222627|720|1280
1|95|95|0|0|0|222627|720|1280
0|55|1244|0|0|0|223028|720|1280
1|55|1244|0|0|0|223028|720|1280
0|362|704|0|0|0|223029|720|1280
1|362|704|0|0|0|223029|720|1280
0|95|95|0|0|0|223030|720|1280
1|95|95|0|0|0|223030|720|1280
0|55|1244|0|0|0|223431|720|1280
1|55|1244|0|0|0|223431|720|1280
0|362|704|0|0|0|223432|720|1280
1|362|704|0|0|0|223432|720|1280
0|95|95|0|0|0|223433|720|1280
1|95|95|0|0|0|223433|720|1280
0|55|1244|0|0|0|223834|720|1280
1|55|1244|0|0|0|223834|720|1280
0|362|704|0|0|0|223835|720|1280
1|362|704|0|0|0|223835|720|1280
0|95|95|0|0|0|223836|720|1280
1|95|95|0|0|0|223836|720|1280
0|55|1244|0|0|0|224237|720|1280
1|55|1244|0|0|0|224237|720|1280
0|362|704|0|0|0|224238|720|1280
1|362|704|0|0|0|224238|720|1280
0|95|95|0|0|0|224239|720|1280
1|95|95|0|0|0|224239|720|1280
0|55|1244|0|0|0|224640|720|1280
1|55|1244|0|0|0|224640|720|1280
0|362|704|0|0|0|224641|720|1280
1|362|704|0|0|0|224641|720|1280
0|95|95|0|0|0|224642|720|1280
1|95|95|0|0|0|224642|720|1280
0|55|1244|0|0|0|225043|720|1280
1|55|1244|0|0|0|225043|720|1280
0|362|704|0|0|0|225044|720|1280
1|362|704|0|0|0|225044|720|1280
0|95|95|0|0|0|225045|720|1280
1|95|95|0|0|0|225045|720|1280
0|55|1244|0|0|0|225446|720|1280
1|55|1244|0|0|0|225446|720|1280
0|362|704|0|0|0|225447|720|1280
1|362|704|0|0|0|225447|720|1280
0|95|95|0|0|0|225448|720|1280
1|95|95|0|0|0|225448|720|1280
0|55|1244|0|0|0|225849|720|1280
1|55|1244|0|0|0|225849|720|1280
0|362|704|0|0|0|225850|720|1280
1|362|704|0|0|0|225850|720|1280
0|95|95|0|0|0|225851|720|1280
1|95|95|0|0|0|225851|720|1280
0|55|1244|0|0|0|226252|720|1280
1|55|1244|0|0|0|226252|720|1280
0|362|704|0|0|0|226253|720|1280
1|362|704|0|0|0|226253|720|1280
0|95|95|0|0|0|226254|720|1280
1|95|95|0|0|0|226254|720|1280
0|55|1244|0|0|0|226655|720|1280
1|55|1244|0|0|0|226655|720|1280
0|362|704|0|0|0|226656|720|1280
1|362|704|0|0|0|226656|720|1280
0|95|95|0|0|0|226657|720|1280
1|95|95|0|0|0|226657|720|1280
0|55|1244|0|0|0|227058|720|1280
1|55|1244|0|0|0|227058|720|1280
0|362|704|0|0|0|227059|720|1280
1|362|704|0|0|0|227059|720|1280
0|95|95|0|0|0|227060|720|1280
1|95|95|0|0|0|227060|720|1280
0|55|1244|0|0|0|227461|720|1280
1|55|1244|0|0|0|227461|720|1280
0|362|704|0|0|0|227462|720|1280
1|362|704|0|0|0|227462|720|1280
0|95|95|0|0|0|227463|720|1280
1|95|95|0|0|0|227463|720|1280
0|55|1244|0|0|0|227864|720|1280
1|55|1244|0|0|0|227864|720|1280
0|362|704|0|0|0|227865|720|1280
1|362|704|0|0|0|227865|720|1280
0|95|95|0|0|0|227866|720|1280
1|95|95|0|0|0|227866|720|1280
0|55|1244|0|0|0|228267|720|1280
1|55|1244|0|0|0|228267|720|1280
0|362|704|0|0|0|228268|720|1280
1|362|704|0|0|0|228268|720|1280
0|95|95|0|0|0|228269|720|1280
1|95|95|0|0|0|228269|720|1280
0|55|1244|0|0|0|228670|720|1280
1|55|1244|0|0|0|228670|720|1280
0|362|704|0|0|0|228671|720|1280
1|362|704|0|0|0|228671|720|1280
0|95|95|0|0|0|228672|720|1280
1|95|95|0|0|0|228672|720|1280
0|55|1244|0|0|0|229073|720|1280
1|55|1244|0|0|0|229073|720|1280
0|362|704|0|0|0|229074|720|1280
1|362|704|0|0|0|229074|720|1280
0|95|95|0|0|0|229075|720|1280
1|95|95|0|0|0|229075|720|1280
0|55|1244|0|0|0|229476|720|1280
1|55|1244|0|0|0|229476|720|1280
0|362|704|0|0|0|229477|720|1280
1|362|704|0|0|0|229477|720|1280
0|95|95|0|0|0|229478|720|1280
1|95|95|0|0|0|229478|720|1280
0|55|1244|0|0|0|229879|720|1280
1|55|1244|0|0|0|229879|720|1280
0|362|704|0|0|0|229880|720|1280
1|362|704|0|0|0|229880|720|1280
0|95|95|0|0|0|229881|720|1280
1|95|95|0|0|0|229881|720|1280
0|55|1244|0|0|0|230282|720|1280
1|55|1244|0|0|0|230282|720|1280
0|362|704|0|0|0|230283|720|1280
1|362|704|0|0|0|230283|720|1280
0|95|95|0|0|0|230284|720|1280
1|95|95|0|0|0|230284|720|1280
0|55|1244|0|0|0|230685|720|1280
1|55|1244|0|0|0|230685|720|1280
0|362|704|0|0|0|230686|720|1280
1|362|704|0|0|0|230686|720|1280
0|95|95|0|0|0|230687|720|1280
1|95|95|0|0|0|230687|720|1280
0|55|1244|0|0|0|231088|720|1280
1|55|1244|0|0|0|231088|720|1280
0|362|704|0|0|0|231089|720|1280
1|362|704|0|0|0|231089|720|1280
0|95|95|0|0|0|231090|720|1280
1|95|95|0|0|0|231090|720|1280
0|55|1244|0|0|0|231491|720|1280
1|55|1244|0|0|0|231491|720|1280
0|362|704|0|0|0|231492|720|1280
1|362|704|0|0|0|231492|720|1280
0|95|95|0|0|0|231493|720|1280
1|95|95|0|0|0|231493|720|1280
0|55|1244|0|0|0|231894|720|1280
1|55|1244|0|0|0|231894|720|1280
0|362|704|0|0|0|231895|720|1280
1|362|704|0|0|0|231895|720|1280
0|95|95|0|0|0|231896|720|1280
1|95|95|0|0|0|231896|720|1280
0|55|1244|0|0|0|232297|720|1280
1|55|1244|0|0|0|232297|720|1280
0|362|704|0|0|0|232298|720|1280
1|362|704|0|0|0|232298|720|1280
0|95|95|0|0|0|232299|720|1280
1|95|95|0|0|0|232299|720|1280
0|55|1244|0|0|0|232700|720|1280
1|55|1244|0|0|0|232700|720|1280
0|362|704|0|0|0|232701|720|1280
1|362|704|0|0|0|232701|720|1280
0|95|95|0|0|0|232702|720|1280
1|95|95|0|0|0|232702|720|1280
0|55|1244|0|0|0|233103|720|1280
1|55|1244|0|0|0|233103|720|1280
0|362|704|0|0|0|233104|720|1280
1|362|704|0|0|0|233104|720|1280
0|95|95|0|0|0|233105|720|1280
1|95|95|0|0|0|233105|720|1280
0|55|1244|0|0|0|233506|720|1280
1|55|1244|0|0|0|233506|720|1280
0|362|704|0|0|0|233507|720|1280
1|362|704|0|0|0|233507|720|1280
0|95|95|0|0|0|233508|720|1280
1|95|95|0|0|0|233508|720|1280
0|55|1244|0|0|0|233909|720|1280
1|55|1244|0|0|0|233909|720|1280
0|362|704|0|0|0|233910|720|1280
1|362|704|0|0|0|233910|720|1280
0|95|95|0|0|0|233911|720|1280
1|95|95|0|0|0|233911|720|1280
0|55|1244|0|0|0|234312|720|1280
1|55|1244|0|0|0|234312|720|1280
0|362|704|0|0|0|234313|720|1280
1|362|704|0|0|0|234313|720|1280
0|95|95|0|0|0|234314|720|1280
1|95|95|0|0|0|234314|720|1280
0|55|1244|0|0|0|234715|720|1280
1|55|1244|0|0|0|234715|720|1280
0|362|704|0|0|0|234716|720|1280
1|362|704|0|0|0|234716|720|1280
0|95|95|0|0|0|234717|720|1280
1|95|95|0|0|0|234717|720|1280
0|55|1244|0|0|0|235118|720|1280
1|55|1244|0|0|0|235118|720|1280
0|362|704|0|0|0|235119|720|1280
1|362|704|0|0|0|235119|720|1280
0|95|95|0|0|0|235120|720|1280
1|95|95|0|0|0|235120|720|1280
0|55|1244|0|0|0|235521|720|1280
1|55|1244|0|0|0|235521|720|1280
0|362|704|0|0|0|235522|720|1280
1|362|704|0|0|0|235522|720|1280
0|95|95|0|0|0|235523|720|1280
1|95|95|0|0|0|235523|720|1280
0|55|1244|0|0|0|235924|720|1280
1|55|1244|0|0|0|235924|720|1280
0|362|704|0|0|0|235925|720|1280
1|362|704|0|0|0|235925|720|1280
0|95|95|0|0|0|235926|720|1280
1|95|95|0|0|0|235926|720|1280
0|55|1244|0|0|0|236327|720|1280
1|55|1244|0|0|0|236327|720|1280
0|362|704|0|0|0|236328|720|1280
1|362|704|0|0|0|236328|720|1280
0|95|95|0|0|0|236329|720|1280
1|95|95|0|0|0|236329|720|1280
0|55|1244|0|0|0|236730|720|1280
1|55|1244|0|0|0|236730|720|1280
0|362|704|0|0|0|236731|720|1280
1|362|704|0|0|0|236731|720|1280
0|95|95|0|0|0|236732|720|1280
1|95|95|0|0|0|236732|720|1280
0|55|1244|0|0|0|237133|720|1280
1|55|1244|0|0|0|237133|720|1280
0|362|704|0|0|0|237134|720|1280
1|362|704|0|0|0|237134|720|1280
0|95|95|0|0|0|237135|720|1280
1|95|95|0|0|0|237135|720|1280
0|55|1244|0|0|0|237536|720|1280
1|55|1244|0|0|0|237536|720|1280
0|362|704|0|0|0|237537|720|1280
1|362|704|0|0|0|237537|720|1280
0|95|95|0|0|0|237538|720|1280
1|95|95|0|0|0|237538|720|1280
0|55|1244|0|0|0|237939|720|1280
1|55|1244|0|0|0|237939|720|1280
0|362|704|0|0|0|237940|720|1280
1|362|704|0|0|0|237940|720|1280
0|95|95|0|0|0|237941|720|1280
1|95|95|0|0|0|237941|720|1280
0|55|1244|0|0|0|238342|720|1280
1|55|1244|0|0|0|238342|720|1280
0|362|704|0|0|0|238343|720|1280
1|362|704|0|0|0|238343|720|1280
0|95|95|0|0|0|238344|720|1280
1|95|95|0|0|0|238344|720|1280
0|55|1244|0|0|0|238745|720|1280
1|55|1244|0|0|0|238745|720|1280
0|362|704|0|0|0|238746|720|1280
1|362|704|0|0|0|238746|720|1280
0|95|95|0|0|0|238747|720|1280
1|95|95|0|0|0|238747|720|1280
0|55|1244|0|0|0|239148|720|1280
1|55|1244|0|0|0|239148|720|1280
0|362|704|0|0|0|239149|720|1280
1|362|704|0|0|0|239149|720|1280
0|95|95|0|0|0|239150|720|1280
1|95|95|0|0|0|239150|720|1280
0|55|1244|0|0|0|239551|720|1280
1|55|1244|0|0|0|239551|720|1280
0|362|704|0|0|0|239552|720|1280
1|362|704|0|0|0|239552|720|1280
0|95|95|0|0|0|239553|720|1280
1|95|95|0|0|0|239553|720|1280
0|55|1244|0|0|0|239954|720|1280
1|55|1244|0|0|0|239954|720|1280
0|362|704|0|0|0|239955|720|1280
1|362|704|0|0|0|239955|720|1280
0|95|95|0|0|0|239956|720|1280
1|95|95|0|0|0|239956|720|1280
0|438|1122|0|0|0|241956|720|1280
1|438|1122|0|0|0|241956|720|1280
0|63|1230|0|0|0|243956|720|1280
1|63|1230|0|0|0|243956|720|1280
0|63|1230|0|0|0|244456|720|1280
1|63|1230|0|0|0|244456|720|1280
0|63|1230|0|0|0|244956|720|1280
1|63|1230|0|0|0|244956|720|1280
0|63|1230|0|0|0|245456|720|1280
1|63|1230|0|0|0|245456|720|1280
0|63|1230|0|0|0|245956|720|1280
1|63|1230|0|0|0|245956|720|1280
0|63|1230|0|0|0|246456|720|1280
1|63|1230|0|0|0|246456|720|1280
0|63|1230|0|0|0|246956|720|1280
1|63|1230|0|0|0|246956|720|1280
0|63|1230|0|0|0|247456|720|1280
1|63|1230|0|0|0|247456|720|1280
0|63|1230|0|0|0|247956|720|1280
1|63|1230|0|0|0|247956|720|1280
0|63|1230|0|0|0|248456|720|1280
1|63|1230|0|0|0|248456|720|1280
0|63|1230|0|0|0|248956|720|1280
1|63|1230|0|0|0|248956|720|1280
0|438|1122|0|0|0|249956|720|1280
1|438|1122|0|0|0|249956|720|1280
0|340|422|0|0|0|252956|720|1280
1|340|422|0|0|0|252956|720|1280
0|42|987|0|0|0|255956|720|1280
1|42|987|0|0|0|255956|720|1280
0|340|422|0|0|0|258956|720|1280
1|340|422|0|0|0|258956|720|1280
0|105|817|0|0|0|261956|720|1280
1|105|817|0|0|0|261956|720|1280
1|105|817|0|0|0|261956|720|1280